1,86.8
11,87.2
28,87.2
3,87.2
9,87.3
26,87.3
13,87.3
10,87.4
21,87.4
18,87.6
5,87.7
16,88.0
29,88.0
25,88.0
8,88.1
7,88.2
17,88.2
23,88.3
27,88.4
15,88.5
20,88.6
22,88.6
6,89.0
30,89.1
1,93.4
28,93.9
3,94.0
11,94.2
9,94.2
26,94.4
10,94.5
13,94.8
18,94.9
21,95.0
5,95.3
27,96.8
15,97.0
16,97.4
8,98.0
22,98.1
6,98.2
20,98.2
1,98.4
29,98.5
7,98.5
28,99.1
30,99.4
3,99.7
25,99.8
17,99.9
9,100.0
11,100.2
26,100.4
10,100.8
23,101.1
18,101.2
13,101.8
21,102.0
1,103.2
5,103.8
28,104.1
3,105.3
16,105.3
8,105.6
9,105.8
11,106.1
26,106.4
10,106.8
31,107.1
1,107.8
29,108.1
18,108.3
2,108.4
27,108.9
28,109.2
15,109.4
25,109.9
22,110.0
21,111.1
3,111.3
9,111.9
11,112.3
1,112.3
13,113.0
26,113.1
10,113.3
28,114.5
8,116.3
1,116.8
16,117.8
3,118.7
9,120.2
28,120.3
11,120.6
1,121.4
10,123.1
1,126.5
28,127.4
1,132.1
1,138.3
1,150.1
1,166.8
3,167.0
11,167.0
9,167.1
13,167.1
28,167.1
26,167.1
21,167.2
10,167.2
18,167.4
5,167.5
29,167.7
16,167.8
17,167.9
25,167.9
8,167.9
7,167.9
27,168.1
23,168.2
22,168.3
15,168.4
20,168.4
6,168.8
30,168.9
1,173.4
28,173.8
3,173.8
11,174.0
9,174.0
26,174.1
10,174.3
13,174.5
18,174.6
21,174.7
5,174.9
27,176.2
15,176.7
22,177.1
8,177.2
16,177.2
29,177.4
7,177.4
20,177.6
6,178.0
1,178.2
17,178.5
30,178.7
28,179.0
23,179.0
3,179.3
25,179.3
9,179.7
11,179.9
26,180.0
10,180.5
18,180.9
13,181.4
21,181.5
5,182.5
1,183.1
28,184.0
3,184.6
8,184.8
16,185.1
9,185.4
11,185.7
26,185.8
29,186.3
10,186.4
27,187.2
2,187.6
18,187.9
22,188.5
15,188.6
28,189.0
21,190.1
3,190.2
25,191.1
9,191.4
11,191.9
26,192.0
13,192.0
10,192.6
28,194.4
17,194.7
1,196.1
3,196.1
8,196.7
9,198.8
11,199.7
28,200.2
10,200.4
1,200.4
26,200.7
3,203.5
1,204.9
28,207.0
1,209.9
1,215.2
1,221.1
1,228.0
1,246.6
3,247.0
11,247.1
9,247.1
13,247.1
28,247.1
10,247.2
26,247.2
21,247.2
5,247.5
18,247.5
29,247.8
25,247.8
8,247.9
7,247.9
16,247.9
17,248.0
27,248.1
15,248.2
23,248.2
22,248.3
20,248.4
6,248.7
30,248.8
1,253.1
28,253.8
3,253.8
9,254.0
11,254.0
26,254.2
10,254.2
13,254.5
18,254.6
21,254.6
5,254.8
27,256.2
15,256.4
8,256.7
16,256.8
22,257.0
7,257.1
20,257.2
29,257.5
6,257.8
1,257.9
25,258.4
30,258.4
17,258.7
28,258.9
3,259.2
23,259.3
9,259.7
11,259.8
26,260.0
10,260.3
18,260.9
13,261.1
21,261.2
5,262.4
28,263.7
8,264.0
16,264.3
3,264.6
9,265.2
11,265.5
26,265.8
10,266.2
29,266.4
27,267.0
18,267.7
22,267.8
15,267.9
25,268.2
28,268.5
21,269.0
3,270.0
13,270.3
9,271.0
11,271.2
26,271.9
10,272.4
28,273.6
8,273.6
16,275.1
3,275.9
1,276.0
9,277.4
11,277.4
28,279.0
10,279.8
1,280.1
26,280.1
18,280.5
3,282.8
1,284.4
28,284.8
11,286.1
1,289.1
9,290.6
28,292.2
1,294.2
1,299.8
1,305.9
1,315.1
18,569.7
28,569.8
17,570.3
16,570.4
28,583.4
1,631.8
3,632.1
11,632.1
13,632.2
28,632.2
9,632.2
10,632.3
21,632.3
26,632.3
18,632.6
5,632.6
16,632.9
29,632.9
7,633.0
8,633.0
25,633.1
17,633.1
23,633.3
27,633.4
22,633.5
15,633.5
20,633.6
6,633.9
30,634.0
1,638.3
3,638.9
28,638.9
11,639.1
9,639.1
26,639.3
10,639.4
13,639.6
18,639.7
21,639.8
5,640.0
27,641.6
15,641.7
16,642.0
8,642.2
22,642.7
7,642.8
1,643.2
20,643.2
29,643.2
6,643.3
30,643.8
28,644.0
17,644.3
3,644.4
9,644.8
23,644.8
25,644.9
11,645.0
26,645.1
10,645.5
18,645.9
13,646.5
21,646.6
5,647.7
1,648.0
28,648.8
16,649.5
8,649.7
3,649.8
31,650.4
9,650.4
14,650.5
11,650.6
26,651.0
10,651.3
29,652.3
27,652.6
18,652.6
1,652.7
15,653.1
28,653.6
22,654.0
21,654.9
25,655.2
3,655.4
17,655.6
9,656.1
11,656.3
13,656.5
1,657.0
26,657.2
10,657.5
28,658.6
16,658.9
8,659.9
1,661.3
3,661.4
11,662.4
9,662.6
18,663.4
28,663.9
10,664.7
1,665.6
26,666.2
3,669.1
28,669.6
1,670.2
11,670.5
9,674.9
1,675.1
28,676.1
1,680.5
1,686.5
1,694.2
1,711.7
11,712.0
3,712.0
9,712.1
28,712.1
13,712.1
26,712.1
10,712.2
21,712.3
18,712.4
5,712.5
29,712.7
16,712.8
17,712.8
25,712.8
7,712.9
8,713.0
27,713.1
23,713.2
15,713.3
22,713.3
20,713.4
6,713.8
30,713.9
1,718.2
28,718.7
3,718.7
11,718.9
9,719.0
26,719.1
10,719.2
13,719.4
18,719.5
21,719.7
5,719.8
27,721.2
15,721.5
16,721.6
22,721.9
7,722.1
8,722.2
29,722.3
20,722.6
6,722.9
1,723.0
17,723.1
30,723.5
23,723.7
28,723.9
25,724.0
3,724.2
9,724.7
11,724.8
26,724.9
10,725.3
18,725.7
13,726.3
21,726.5
5,727.3
28,728.7
16,729.0
3,729.4
8,729.8
9,730.2
26,730.6
11,730.6
29,731.2
10,731.2
27,731.5
22,732.3
18,732.4
15,732.5
28,733.5
17,734.5
3,734.8
21,735.2
25,735.8
9,735.9
11,736.5
26,736.5
13,737.0
10,737.3
16,738.4
28,738.5
3,740.4
1,740.9
5,741.0
8,741.7
9,742.2
11,743.5
26,743.5
18,743.7
28,743.7
10,744.5
1,745.0
3,746.7
28,749.4
1,749.5
9,753.8
1,754.2
28,755.7
3,757.7
1,759.3
1,764.9
28,767.9
1,771.2
1,783.1
3,792.0
28,792.0
11,792.0
9,792.1
1,792.1
13,792.1
21,792.2
26,792.2
10,792.2
18,792.4
5,792.5
29,792.8
16,792.8
8,792.9
25,792.9
7,792.9
17,793.0
27,793.1
15,793.2
23,793.2
22,793.3
20,793.4
6,793.7
30,793.8
1,798.5
28,798.7
3,798.8
11,798.9
9,798.9
10,799.2
26,799.2
13,799.4
18,799.5
21,799.6
5,799.8
27,801.1
15,801.3
16,801.6
8,801.8
22,801.8
7,802.0
29,802.4
20,802.5
6,802.5
30,803.2
1,803.2
17,803.4
28,803.7
23,804.1
3,804.2
25,804.3
9,804.6
11,804.7
26,805.0
10,805.3
18,805.7
13,806.1
21,806.2
5,807.2
28,808.5
2,808.6
16,808.9
8,809.0
3,809.4
9,809.9
11,810.3
26,810.7
10,811.1
27,811.2
29,811.4
22,811.5
18,812.2
15,812.8
28,813.2
21,813.9
3,814.7
13,814.7
9,815.4
17,815.5
25,815.9
11,816.0
26,816.6
10,817.2
28,818.0
16,818.3
8,819.1
5,819.2
3,820.3
9,821.3
11,822.1
18,822.6
28,823.2
26,823.8
10,824.2
1,825.3
3,826.5
9,828.4
28,828.8
1,829.7
11,831.5
1,834.3
28,835.1
3,837.0
1,839.4
1,844.9
28,847.5
1,851.1
1,861.1
3,872.0
1,872.0
13,872.1
11,872.1
28,872.1
9,872.1
26,872.2
10,872.2
21,872.2
18,872.4
5,872.5
29,872.8
16,872.8
25,872.8
7,872.9
8,872.9
17,873.0
27,873.1
15,873.3
23,873.3
22,873.3
20,873.4
6,873.7
30,873.8
1,878.5
28,878.7
3,878.8
11,879.0
9,879.0
26,879.1
10,879.2
13,879.4
18,879.5
21,879.5
5,879.8
27,881.1
15,881.5
16,881.6
8,881.7
22,881.9
7,881.9
29,882.4
20,882.6
6,882.7
30,883.2
1,883.3
17,883.4
28,883.8
25,883.9
3,884.2
23,884.3
9,884.6
11,884.8
26,885.0
10,885.3
18,885.7
13,886.0
21,886.0
5,887.3
28,888.5
16,888.9
8,888.9
3,889.4
9,890.0
11,890.5
26,890.6
10,891.1
27,891.2
29,891.4
18,892.4
15,892.5
22,892.9
28,893.2
21,893.4
13,894.1
25,894.7
3,894.7
9,895.5
17,896.0
11,896.3
26,896.5
10,897.3
28,898.0
8,898.4
16,898.7
3,900.4
5,900.8
9,901.3
11,902.7
28,903.2
26,903.3
18,904.0
10,904.4
1,905.3
3,906.8
9,908.6
28,908.7
1,909.6
1,914.2
28,914.9
11,915.0
1,919.2
3,919.7
28,924.3
1,924.7
1,930.8
1,939.7
1,1256.7
3,1257.1
11,1257.1
26,1257.2
9,1257.2
28,1257.2
21,1257.3
10,1257.3
13,1257.3
5,1257.6
18,1257.6
25,1257.9
29,1257.9
16,1257.9
7,1258.0
8,1258.0
17,1258.1
27,1258.4
23,1258.4
15,1258.5
22,1258.5
20,1258.6
30,1259.0
6,1259.0
1,1263.3
3,1263.9
28,1263.9
11,1264.0
9,1264.1
26,1264.2
10,1264.4
13,1264.7
18,1264.8
21,1264.8
5,1265.0
27,1266.7
15,1266.7
7,1267.1
16,1267.2
8,1267.4
22,1267.6
20,1267.9
29,1267.9
1,1268.1
6,1268.2
30,1268.8
28,1268.9
25,1269.3
17,1269.3
3,1269.4
9,1269.7
11,1269.8
26,1270.0
10,1270.4
23,1270.7
18,1271.0
13,1271.4
21,1271.4
5,1272.3
1,1272.9
14,1273.2
28,1273.8
16,1274.6
3,1274.7
8,1274.7
9,1275.2
11,1275.4
26,1275.8
29,1276.1
0,1276.1
10,1276.2
15,1277.1
27,1277.6
1,1277.6
18,1277.7
28,1278.5
25,1278.7
22,1279.1
21,1279.2
3,1280.1
9,1280.7
13,1280.9
11,1281.0
26,1281.8
1,1281.9
17,1282.0
10,1282.3
28,1283.5
8,1283.8
16,1284.0
3,1285.9
5,1285.9
1,1286.2
9,1286.6
11,1286.9
28,1288.8
10,1289.0
18,1289.2
26,1289.7
1,1290.5
3,1292.4
11,1294.0
9,1294.4
28,1294.7
1,1295.1
1,1300.1
28,1301.6
1,1305.5
1,1311.5
1,1319.5
1,1336.7
28,1337.0
3,1337.0
11,1337.0
26,1337.1
9,1337.1
13,1337.1
21,1337.2
10,1337.2
18,1337.4
5,1337.5
29,1337.7
25,1337.8
16,1337.8
7,1337.9
17,1337.9
8,1337.9
27,1338.1
23,1338.2
22,1338.3
15,1338.4
20,1338.4
6,1338.8
30,1338.9
1,1343.2
28,1343.7
3,1343.7
11,1343.9
9,1343.9
26,1344.1
10,1344.2
18,1344.5
13,1344.5
21,1344.6
5,1344.8
27,1346.3
15,1346.6
8,1346.9
16,1346.9
29,1347.1
22,1347.1
7,1347.3
20,1347.5
1,1347.9
6,1348.0
30,1348.5
17,1348.5
23,1348.8
28,1348.8
25,1348.8
3,1349.1
9,1349.6
11,1349.7
26,1349.9
10,1350.3
18,1350.7
13,1351.3
21,1351.3
5,1352.1
28,1353.6
3,1354.2
8,1354.3
16,1354.4
9,1355.1
29,1355.4
11,1355.4
31,1355.5
26,1355.5
10,1356.1
2,1356.5
27,1356.6
18,1357.2
15,1357.7
28,1358.2
22,1358.3
17,1359.0
3,1359.4
25,1359.6
21,1360.1
9,1360.7
26,1361.2
13,1361.3
11,1361.3
16,1361.6
10,1362.2
28,1362.8
18,1364.1
5,1364.5
8,1364.6
3,1364.9
9,1366.9
28,1367.5
11,1367.6
26,1367.7
10,1369.3
1,1370.0
3,1370.7
28,1372.2
17,1372.4
16,1373.8
18,1374.0
1,1374.2
28,1377.2
9,1377.4
3,1377.9
1,1378.7
11,1379.3
26,1381.9
28,1382.6
1,1383.5
28,1388.5
1,1388.8
1,1394.5
28,1395.2
1,1401.2
1,1416.7
3,1417.0
28,1417.0
11,1417.0
21,1417.1
13,1417.1
9,1417.1
10,1417.2
26,1417.2
18,1417.4
5,1417.5
29,1417.8
17,1417.8
7,1417.8
16,1417.9
25,1417.9
8,1417.9
23,1418.1
15,1418.1
27,1418.1
22,1418.2
20,1418.3
6,1418.7
30,1418.8
1,1423.1
28,1423.6
3,1423.7
9,1423.9
11,1423.9
26,1424.1
10,1424.2
21,1424.3
13,1424.4
18,1424.5
5,1424.8
27,1426.0
15,1426.2
22,1426.6
7,1426.8
8,1426.8
16,1426.9
29,1427.2
20,1427.2
6,1427.8
1,1427.8
30,1428.0
17,1428.1
25,1428.5
28,1428.6
23,1428.6
3,1429.1
9,1429.6
11,1429.6
26,1429.9
10,1430.2
18,1430.6
21,1430.8
13,1431.1
5,1432.0
28,1433.3
8,1434.0
3,1434.2
16,1434.3
9,1434.9
11,1435.2
26,1435.5
29,1435.6
10,1436.0
27,1436.2
22,1436.5
18,1437.1
15,1437.3
25,1437.9
28,1437.9
21,1438.1
3,1439.4
17,1439.6
13,1439.6
7,1440.3
9,1440.3
20,1440.5
11,1440.7
26,1441.4
10,1442.2
28,1442.5
8,1443.3
5,1443.5
16,1443.8
3,1444.8
9,1446.0
11,1446.6
18,1446.9
28,1447.2
26,1448.0
10,1449.1
3,1450.7
28,1452.4
9,1452.5
11,1453.4
1,1454.1
28,1457.9
3,1457.9
1,1458.4
1,1463.0
28,1464.0
1,1468.0
28,1472.0
1,1473.5
1,1479.6
1,1488.7
3,1497.0
28,1497.0
1,1497.0
11,1497.0
13,1497.1
9,1497.1
26,1497.1
10,1497.2
21,1497.3
18,1497.4
5,1497.5
29,1497.6
16,1497.8
25,1497.8
7,1497.9
17,1497.9
8,1497.9
27,1498.1
23,1498.2
15,1498.2
22,1498.3
20,1498.4
30,1498.8
6,1498.8
1,1503.2
28,1503.6
3,1503.7
11,1503.9
9,1504.0
26,1504.1
10,1504.2
13,1504.4
18,1504.5
21,1504.7
5,1504.8
27,1506.2
15,1506.4
16,1506.6
8,1506.8
22,1506.9
29,1507.0
7,1507.1
20,1507.5
6,1507.8
1,1507.9
30,1508.3
17,1508.4
28,1508.6
25,1508.8
23,1509.1
3,1509.1
9,1509.5
11,1509.6
26,1509.9
10,1510.2
18,1510.7
13,1511.0
21,1511.3
5,1512.1
28,1513.3
16,1513.9
8,1514.0
3,1514.2
9,1514.8
11,1515.0
29,1515.4
26,1515.5
10,1516.1
27,1516.3
18,1517.2
22,1517.7
15,1517.8
28,1517.8
25,1519.2
3,1519.5
21,1519.5
13,1519.8
9,1520.1
11,1520.4
17,1520.7
26,1521.4
10,1522.2
28,1522.5
8,1523.3
16,1523.8
5,1524.6
3,1525.0
9,1525.8
11,1526.0
28,1527.3
20,1527.6
18,1528.1
26,1528.2
10,1529.3
3,1531.1
11,1532.1
9,1532.1
28,1532.6
1,1534.1
28,1538.2
1,1538.4
3,1539.9
11,1541.0
1,1543.1
28,1544.7
9,1544.8
1,1548.2
1,1553.8
1,1560.0
1,1572.8
1,1881.7
3,1882.1
11,1882.1
28,1882.1
13,1882.2
26,1882.2
10,1882.2
9,1882.2
21,1882.3
5,1882.6
18,1882.6
25,1882.9
16,1882.9
8,1883.0
29,1883.0
7,1883.0
17,1883.1
23,1883.3
27,1883.4
22,1883.5
15,1883.5
20,1883.6
6,1883.9
30,1884.0
1,1888.2
3,1888.8
28,1888.8
11,1889.0
9,1889.0
26,1889.2
10,1889.3
13,1889.6
21,1889.7
18,1889.8
5,1890.0
27,1891.8
15,1891.8
16,1892.0
8,1892.2
7,1892.6
22,1892.8
1,1893.0
29,1893.1
20,1893.2
6,1893.4
28,1893.7
30,1893.7
3,1894.2
25,1894.3
17,1894.3
9,1894.6
11,1894.8
26,1895.0
10,1895.4
23,1895.9
18,1896.0
21,1896.5
13,1896.5
5,1897.7
1,1897.8
28,1898.5
3,1899.5
8,1899.7
16,1899.7
9,1900.0
11,1900.3
26,1900.7
31,1900.8
10,1901.2
29,1901.8
2,1902.3
15,1903.0
18,1903.0
28,1903.2
27,1903.2
25,1903.4
21,1904.6
3,1904.9
22,1905.0
9,1905.5
11,1905.9
26,1906.7
17,1906.8
13,1907.1
10,1907.3
28,1908.0
8,1909.4
16,1910.4
3,1910.6
1,1911.0
9,1911.3
11,1911.7
28,1913.1
26,1913.8
10,1914.3
1,1915.3
3,1917.0
9,1918.2
11,1918.4
28,1918.5
1,1919.8
28,1924.6
1,1924.6
1,1929.9
3,1930.2
28,1933.2
1,1935.8
1,1943.5
1,1961.6
28,1962.0
9,1962.0
11,1962.0
3,1962.0
10,1962.1
26,1962.1
13,1962.1
21,1962.2
5,1962.4
18,1962.4
16,1962.7
29,1962.8
25,1962.8
17,1962.8
8,1962.9
7,1962.9
27,1963.1
22,1963.3
15,1963.3
23,1963.3
20,1963.4
6,1963.7
30,1963.9
1,1968.1
28,1968.6
3,1968.7
9,1968.9
11,1968.9
26,1969.0
10,1969.2
13,1969.4
18,1969.5
21,1969.5
5,1969.6
27,1971.1
15,1971.5
16,1971.7
7,1971.8
8,1972.0
22,1972.1
29,1972.3
20,1972.5
6,1972.8
1,1972.8
17,1973.1
30,1973.5
25,1973.6
28,1973.6
23,1973.6
3,1974.0
9,1974.5
11,1974.6
26,1974.8
10,1975.2
18,1975.7
13,1976.2
21,1976.3
5,1976.8
28,1978.4
3,1979.1
16,1979.2
8,1979.4
9,1979.8
11,1980.2
26,1980.2
27,1980.9
10,1980.9
0,1981.2
31,1981.3
29,1981.5
18,1982.4
15,1982.7
28,1983.0
22,1983.3
25,1983.5
3,1984.2
21,1984.6
17,1984.7
9,1985.2
13,1985.3
11,1985.8
26,1985.8
10,1987.0
28,1987.7
5,1988.2
3,1989.6
8,1990.3
16,1990.5
9,1991.0
11,1991.7
26,1991.9
28,1992.8
10,1993.8
18,1994.8
3,1995.3
9,1997.9
28,1998.2
11,1998.8
1,1999.0
26,2000.4
3,2001.9
1,2003.5
28,2004.1
1,2008.3
28,2011.5
1,2013.5
1,2019.3
1,2026.2
1,2041.7
3,2042.0
28,2042.0
11,2042.0
21,2042.1
10,2042.1
13,2042.1
9,2042.1
26,2042.1
18,2042.4
5,2042.5
16,2042.7
7,2042.8
29,2042.8
25,2042.8
8,2042.9
27,2043.1
17,2043.1
15,2043.3
20,2043.3
22,2043.3
23,2043.3
6,2043.7
30,2043.8
1,2048.2
28,2048.6
3,2048.7
11,2048.9
9,2048.9
26,2049.1
10,2049.2
13,2049.4
21,2049.4
18,2049.5
5,2049.8
27,2051.0
15,2051.5
16,2051.6
8,2051.8
7,2051.9
22,2052.1
20,2052.3
29,2052.4
1,2052.9
6,2053.0
30,2053.5
28,2053.5
25,2053.6
17,2053.6
3,2054.0
23,2054.3
9,2054.5
11,2054.6
26,2054.8
10,2055.1
18,2055.7
21,2056.0
13,2056.0
5,2056.9
28,2058.2
16,2058.9
3,2059.1
8,2059.1
9,2059.8
11,2060.0
26,2060.3
27,2060.3
10,2060.9
31,2061.3
29,2061.6
18,2062.1
15,2062.1
28,2062.7
22,2062.9
25,2063.8
21,2063.8
3,2064.2
13,2064.7
9,2065.1
11,2065.5
26,2066.0
10,2067.0
28,2067.3
5,2068.4
16,2068.9
8,2068.9
3,2069.6
9,2070.7
11,2071.3
26,2072.1
18,2072.2
28,2072.2
10,2073.5
3,2075.5
9,2077.0
28,2077.3
11,2077.7
1,2079.0
26,2081.4
3,2082.3
28,2083.0
1,2083.2
10,2085.3
1,2087.8
28,2089.3
9,2090.0
1,2092.7
1,2098.2
28,2101.3
1,2104.2
1,2112.3
1,2121.9
11,2122.0
3,2122.0
9,2122.1
28,2122.1
13,2122.1
26,2122.1
21,2122.2
10,2122.2
18,2122.4
5,2122.5
29,2122.7
25,2122.8
16,2122.8
7,2122.9
8,2122.9
17,2123.0
27,2123.1
22,2123.3
23,2123.3
15,2123.3
20,2123.4
6,2123.7
30,2123.8
1,2128.3
3,2128.7
28,2128.7
9,2128.9
11,2128.9
26,2129.1
10,2129.2
13,2129.4
18,2129.5
21,2129.6
5,2129.8
27,2130.9
15,2131.3
8,2131.6
16,2131.7
22,2132.0
29,2132.3
7,2132.3
20,2132.6
6,2133.0
1,2133.0
17,2133.3
30,2133.5
28,2133.6
25,2133.7
3,2134.0
23,2134.2
9,2134.4
11,2134.7
26,2134.8
10,2135.2
18,2135.7
13,2135.9
21,2136.1
5,2137.2
28,2138.3
8,2138.6
16,2139.0
3,2139.1
9,2139.6
11,2140.2
26,2140.3
27,2140.5
10,2141.0
15,2141.3
29,2141.5
18,2142.1
22,2142.2
28,2142.9
21,2143.5
25,2144.0
3,2144.2
13,2144.4
9,2144.9
11,2145.6
17,2145.8
26,2145.9
10,2147.1
28,2147.5
8,2147.6
16,2148.6
3,2149.6
9,2150.4
5,2150.7
20,2151.0
11,2151.4
26,2152.0
18,2152.2
28,2152.4
10,2153.9
3,2155.4
9,2156.5
28,2157.6
11,2158.1
1,2159.2
26,2160.6
3,2162.3
28,2163.3
1,2163.3
9,2166.2
1,2167.8
10,2167.9
28,2170.0
1,2172.7
1,2178.1
1,2184.0
1,2191.5
1,2506.7
3,2507.1
28,2507.1
11,2507.1
9,2507.2
13,2507.2
10,2507.2
26,2507.2
21,2507.3
5,2507.6
18,2507.6
7,2507.9
16,2507.9
25,2508.0
8,2508.0
29,2508.0
17,2508.1
23,2508.3
27,2508.4
15,2508.4
22,2508.5
20,2508.6
6,2508.9
30,2509.1
1,2513.2
28,2513.7
3,2513.8
9,2514.0
11,2514.0
10,2514.2
26,2514.2
13,2514.6
18,2514.7
21,2514.8
5,2515.0
27,2516.7
15,2516.7
16,2516.9
8,2517.4
7,2517.5
22,2517.9
1,2517.9
6,2518.1
20,2518.1
29,2518.2
28,2518.7
30,2518.8
25,2519.2
17,2519.2
3,2519.2
9,2519.5
11,2519.7
26,2519.9
10,2520.1
23,2520.5
18,2520.9
13,2521.4
21,2521.6
5,2522.5
1,2522.7
28,2523.4
3,2524.4
16,2524.5
8,2524.8
9,2524.8
11,2525.1
26,2525.6
10,2525.8
31,2525.9
2,2526.9
29,2527.0
18,2527.6
15,2527.7
27,2528.0
28,2528.1
25,2528.3
13,2529.4
21,2529.6
3,2529.7
22,2529.7
9,2530.1
11,2530.4
26,2531.5
17,2531.6
10,2531.8
28,2532.8
16,2534.5
8,2534.9
3,2535.3
9,2535.7
11,2535.9
5,2536.3
28,2537.8
10,2538.1
26,2538.4
18,2539.7
1,2540.1
3,2541.4
9,2541.9
11,2541.9
28,2543.3
1,2544.4
10,2547.6
1,2549.0
28,2549.4
11,2549.5
3,2550.6
9,2553.5
1,2554.0
28,2558.4
1,2559.6
1,2565.7
1,2576.7
28,2586.9
1,2586.9
3,2587.0
11,2587.0
9,2587.0
21,2587.1
13,2587.1
10,2587.1
26,2587.1
18,2587.3
5,2587.5
16,2587.6
29,2587.7
25,2587.8
17,2587.9
8,2587.9
7,2587.9
23,2588.0
27,2588.1
22,2588.2
15,2588.3
20,2588.4
6,2588.8
30,2588.9
1,2593.3
28,2593.5
3,2593.7
9,2593.8
11,2593.8
26,2594.0
10,2594.1
13,2594.4
18,2594.4
21,2594.5
5,2594.8
27,2595.9
16,2596.4
15,2596.5
8,2596.8
7,2596.9
22,2596.9
29,2597.2
20,2597.4
6,2597.9
1,2598.0
30,2598.1
17,2598.2
28,2598.5
23,2598.5
25,2598.5
3,2599.0
9,2599.4
11,2599.6
26,2599.7
10,2600.1
18,2600.5
21,2601.1
13,2601.3
5,2602.0
28,2603.1
16,2603.8
3,2604.0
8,2604.1
9,2604.6
11,2605.1
26,2605.2
27,2605.5
31,2605.6
10,2605.8
29,2605.8
22,2606.8
2,2606.8
18,2606.9
15,2607.4
28,2607.7
21,2608.8
25,2608.9
3,2609.1
17,2609.2
9,2609.8
20,2610.7
11,2610.8
26,2610.9
13,2611.3
10,2611.8
28,2612.3
5,2613.2
8,2613.5
16,2614.2
3,2614.5
9,2615.4
18,2616.4
11,2616.8
26,2617.0
28,2617.2
10,2618.2
3,2620.3
9,2621.4
28,2622.5
1,2624.2
11,2624.3
26,2626.2
3,2626.8
28,2628.2
1,2628.3
10,2628.4
9,2630.3
1,2632.8
28,2634.8
1,2637.7
1,2643.0
1,2648.8
1,2655.9
1,2666.8
28,2667.0
9,2667.0
11,2667.0
3,2667.0
10,2667.1
13,2667.1
26,2667.1
21,2667.2
18,2667.4
5,2667.5
25,2667.8
16,2667.8
29,2667.8
7,2667.9
8,2667.9
17,2668.0
27,2668.1
23,2668.2
22,2668.3
15,2668.3
20,2668.4
6,2668.7
30,2668.8
1,2673.2
28,2673.6
3,2673.7
11,2673.8
9,2673.9
26,2674.0
10,2674.1
13,2674.4
18,2674.4
21,2674.5
5,2674.8
27,2676.1
15,2676.4
16,2676.7
8,2676.8
22,2676.9
7,2677.2
20,2677.3
29,2677.4
6,2677.9
1,2677.9
30,2678.3
17,2678.4
28,2678.5
25,2678.7
3,2679.0
23,2679.1
9,2679.4
11,2679.5
26,2679.7
10,2680.0
18,2680.6
13,2681.1
21,2681.2
5,2681.9
28,2683.1
14,2683.9
3,2684.0
16,2684.1
8,2684.1
9,2684.5
11,2684.8
26,2685.1
10,2685.8
27,2685.9
29,2686.4
18,2687.0
22,2687.1
15,2687.5
28,2687.7
21,2688.6
3,2689.1
25,2689.3
9,2689.7
20,2690.1
11,2690.1
13,2690.2
26,2690.6
17,2690.7
10,2691.7
28,2692.3
8,2693.3
5,2693.7
16,2694.2
3,2694.4
9,2695.2
11,2695.6
18,2696.3
26,2696.4
28,2697.0
10,2698.0
3,2700.1
9,2701.2
11,2701.5
28,2702.2
26,2703.2
3,2706.5
10,2707.5
28,2707.8
1,2708.2
11,2708.7
9,2708.9
1,2712.5
28,2714.2
1,2717.1
1,2722.2
28,2725.8
1,2727.8
1,2734.1
1,2746.2
11,2747.0
3,2747.0
28,2747.0
26,2747.1
9,2747.1
13,2747.1
10,2747.2
21,2747.3
18,2747.4
5,2747.5
29,2747.8
25,2747.8
16,2747.8
7,2747.9
8,2747.9
17,2748.0
27,2748.1
15,2748.2
22,2748.3
23,2748.3
20,2748.4
30,2748.8
6,2748.8
1,2752.5
28,2753.5
3,2753.7
11,2753.9
9,2753.9
26,2754.0
10,2754.1
13,2754.4
18,2754.5
21,2754.6
5,2754.8
27,2756.1
15,2756.4
8,2756.7
16,2756.7
22,2757.0
1,2757.2
7,2757.2
20,2757.3
29,2757.4
6,2758.0
28,2758.4
30,2758.5
17,2758.5
25,2758.8
3,2758.9
23,2759.3
9,2759.4
11,2759.5
26,2759.7
10,2760.1
18,2760.6
13,2761.1
21,2761.3
5,2762.1
28,2763.1
8,2763.8
3,2764.0
16,2764.1
9,2764.5
11,2764.8
26,2765.1
10,2765.9
29,2766.4
27,2766.6
18,2767.0
22,2767.3
28,2767.6
15,2768.0
25,2768.9
3,2769.0
21,2769.2
9,2769.7
13,2769.9
11,2770.0
20,2770.2
26,2770.6
17,2770.9
10,2772.0
28,2772.1
8,2773.0
3,2774.3
16,2774.5
9,2775.1
11,2775.5
5,2775.6
26,2776.4
18,2776.6
28,2776.9
10,2778.5
3,2780.1
9,2781.0
11,2781.4
28,2782.0
26,2783.2
3,2786.6
28,2787.5
1,2787.6
9,2788.3
11,2788.8
10,2791.2
1,2791.6
28,2793.7
1,2796.1
1,2801.0
28,2804.6
1,2806.4
1,2812.4
1,2821.1
18,2990.9
28,2991.0
17,2991.5
16,2991.6
1,3131.7
28,3132.1
3,3132.1
11,3132.1
9,3132.1
26,3132.2
13,3132.2
21,3132.3
10,3132.3
18,3132.6
5,3132.6
29,3133.0
7,3133.0
25,3133.0
16,3133.0
8,3133.0
17,3133.1
23,3133.3
27,3133.4
15,3133.5
22,3133.5
20,3133.6
6,3134.0
30,3134.2
1,3138.1
28,3138.7
3,3138.8
11,3138.9
9,3139.0
26,3139.1
10,3139.3
13,3139.6
18,3139.7
21,3139.8
5,3140.0
27,3141.6
15,3141.8
7,3142.0
8,3142.1
16,3142.2
22,3142.5
1,3142.9
29,3143.0
20,3143.3
6,3143.3
28,3143.5
30,3144.1
3,3144.1
17,3144.3
25,3144.4
9,3144.5
11,3144.6
26,3144.8
10,3145.3
23,3145.6
18,3145.8
13,3146.4
21,3146.6
1,3147.7
5,3147.8
28,3148.3
3,3149.3
31,3149.5
8,3149.6
9,3149.7
16,3149.7
11,3149.9
26,3150.4
0,3150.7
10,3151.0
2,3151.4
29,3151.7
18,3152.3
27,3152.6
28,3152.9
22,3153.0
15,3153.1
25,3154.3
3,3154.6
21,3154.8
9,3155.0
11,3155.1
13,3155.5
26,3156.2
17,3156.4
10,3156.9
28,3157.5
8,3159.6
16,3159.7
3,3160.1
11,3160.5
9,3160.7
28,3162.3
26,3162.6
18,3162.6
10,3163.3
3,3166.2
11,3166.3
9,3166.9
28,3167.5
1,3169.2
28,3173.2
11,3173.2
1,3173.6
10,3173.7
3,3175.1
26,3176.1
1,3178.3
9,3179.0
28,3179.8
1,3183.5
1,3189.2
1,3195.8
1,3211.6
3,3211.9
13,3212.0
26,3212.0
9,3212.0
28,3212.0
11,3212.0
10,3212.1
21,3212.2
18,3212.3
5,3212.5
29,3212.6
16,3212.8
25,3212.8
17,3212.9
8,3212.9
7,3212.9
27,3213.1
22,3213.2
23,3213.2
15,3213.3
20,3213.4
6,3213.8
30,3213.9
1,3218.0
3,3218.6
28,3218.6
11,3218.8
9,3218.8
26,3218.9
10,3219.1
18,3219.4
13,3219.4
21,3219.5
5,3219.8
27,3221.1
15,3221.5
16,3221.7
8,3221.8
22,3221.8
7,3222.0
29,3222.0
1,3222.6
20,3222.7
6,3223.0
17,3223.3
30,3223.4
28,3223.5
23,3223.6
3,3223.9
25,3223.9
9,3224.2
11,3224.5
26,3224.6
10,3225.1
18,3225.5
13,3226.1
21,3226.3
5,3227.4
28,3228.1
3,3228.9
16,3229.1
9,3229.3
8,3229.3
31,3229.3
26,3230.0
11,3230.0
29,3230.4
0,3230.8
10,3230.8
27,3230.9
15,3231.8
18,3232.0
22,3232.2
28,3232.7
3,3233.9
9,3234.4
21,3234.5
25,3234.6
13,3235.2
11,3235.4
17,3235.5
26,3235.5
10,3236.7
28,3237.2
3,3239.3
16,3239.4
9,3239.8
8,3239.8
11,3241.1
5,3241.2
18,3241.3
26,3241.3
28,3242.0
10,3243.2
23,3244.1
3,3245.0
9,3245.6
28,3247.1
11,3247.3
26,3248.3
3,3251.7
9,3252.5
28,3252.7
1,3252.9
10,3254.2
1,3257.2
11,3258.2
28,3258.8
1,3261.9
1,3267.0
28,3268.1
1,3272.6
1,3279.0
1,3291.3
28,3292.0
9,3292.0
11,3292.0
3,3292.0
10,3292.1
26,3292.1
13,3292.1
21,3292.2
18,3292.4
5,3292.5
25,3292.8
17,3292.8
29,3292.8
16,3292.8
8,3292.9
7,3292.9
27,3293.1
23,3293.2
15,3293.3
22,3293.3
20,3293.4
6,3293.8
30,3293.8
1,3297.7
28,3298.5
3,3298.7
11,3298.8
9,3298.8
26,3299.0
10,3299.1
13,3299.4
18,3299.5
21,3299.6
5,3299.8
27,3301.1
15,3301.5
16,3301.7
8,3301.8
22,3301.9
7,3302.0
1,3302.3
29,3302.3
20,3302.7
6,3302.8
17,3303.1
30,3303.2
28,3303.4
25,3303.6
3,3304.0
9,3304.2
23,3304.2
11,3304.4
26,3304.7
10,3305.0
18,3305.6
13,3306.2
21,3306.2
5,3307.2
28,3308.1
3,3309.0
8,3309.0
16,3309.0
9,3309.3
11,3309.6
26,3310.0
10,3310.7
27,3310.9
29,3311.1
15,3311.9
18,3312.0
22,3312.0
28,3312.5
25,3313.7
3,3314.1
21,3314.1
9,3314.4
11,3314.7
17,3315.1
26,3315.5
13,3315.5
10,3316.7
28,3317.0
8,3318.0
3,3319.5
16,3319.6
9,3319.7
11,3320.1
18,3321.1
26,3321.2
20,3321.4
28,3321.6
10,3323.1
3,3325.3
9,3325.4
11,3325.8
28,3326.4
26,3327.9
28,3331.7
9,3332.0
11,3332.1
3,3332.2
10,3333.0
1,3336.8
28,3337.5
1,3341.2
28,3344.2
11,3344.9
1,3346.0
1,3351.3
1,3357.1
1,3364.0
1,3371.7
28,3372.0
3,3372.0
11,3372.0
9,3372.1
26,3372.1
13,3372.1
10,3372.2
21,3372.3
18,3372.4
5,3372.5
25,3372.7
16,3372.8
29,3372.8
7,3372.8
8,3372.9
17,3373.0
27,3373.1
23,3373.2
15,3373.2
22,3373.3
20,3373.4
6,3373.7
30,3373.8
1,3377.8
28,3378.6
3,3378.7
11,3378.8
9,3378.9
26,3379.0
10,3379.1
13,3379.4
21,3379.5
18,3379.5
5,3379.8
15,3381.2
27,3381.2
16,3381.7
8,3381.8
22,3381.9
7,3382.1
29,3382.3
20,3382.4
1,3382.4
6,3382.7
25,3383.4
28,3383.5
30,3383.5
17,3383.5
3,3383.9
23,3384.2
9,3384.3
11,3384.4
26,3384.7
10,3385.1
18,3385.6
13,3385.9
21,3386.1
5,3387.1
28,3388.1
3,3389.0
8,3389.1
16,3389.1
9,3389.3
11,3389.7
26,3390.1
10,3390.9
29,3391.2
15,3391.8
27,3391.9
18,3392.0
22,3392.6
28,3392.6
25,3393.2
21,3393.7
3,3394.0
13,3394.3
9,3394.4
11,3394.9
26,3395.5
17,3396.4
10,3396.9
28,3397.1
16,3398.4
8,3399.0
3,3399.4
9,3399.7
5,3399.9
11,3400.2
18,3401.2
26,3401.3
28,3401.8
10,3403.3
3,3405.1
9,3405.4
11,3406.0
28,3406.7
26,3408.3
3,3411.8
9,3411.9
28,3412.2
11,3412.7
10,3414.1
1,3416.9
28,3418.2
1,3421.3
28,3426.1
1,3426.1
1,3431.4
1,3437.1
1,3444.0
18,3563.8
28,3563.9
17,3564.4
16,3564.5
28,3576.8
18,3742.1
28,3742.2
17,3742.7
16,3742.8
1,3756.7
11,3756.9
13,3757.0
3,3757.1
28,3757.1
9,3757.2
26,3757.2
21,3757.3
18,3757.5
5,3757.6
10,3757.7
30,3757.9
4,3757.9
25,3757.9
7,3758.0
8,3758.0
29,3758.0
16,3758.3
23,3758.4
27,3758.4
15,3758.5
20,3758.6
22,3758.6
17,3758.6
6,3759.0
1,3763.1
28,3763.6
11,3763.6
3,3763.8
13,3763.9
9,3764.0
26,3764.1
18,3764.6
21,3764.8
5,3765.0
30,3765.0
27,3766.4
15,3766.7
10,3766.8
16,3767.2
8,3767.3
4,3767.3
7,3767.6
1,3767.8
22,3767.8
20,3768.2
29,3768.2
6,3768.3
28,3768.5
11,3768.6
3,3769.1
25,3769.2
17,3769.3
9,3769.5
13,3769.6
26,3769.8
23,3769.8
18,3770.6
21,3771.4
30,3771.5
2,3771.8
5,3772.5
1,3772.6
28,3773.2
11,3773.4
0,3774.3
3,3774.3
8,3774.4
16,3774.5
9,3774.7
13,3775.3
26,3775.4
31,3775.6
10,3775.6
27,3776.2
15,3776.3
12,3776.5
18,3776.9
29,3777.6
28,3777.7
11,3778.1
25,3778.3
21,3779.4
3,3779.5
30,3780.0
9,3780.0
26,3781.2
17,3781.2
13,3781.3
22,3781.8
28,3782.3
11,3782.7
8,3783.3
16,3783.4
3,3785.0
18,3785.3
9,3785.5
28,3786.9
26,3787.4
11,3787.5
13,3788.5
3,3790.9
9,3791.6
28,3791.9
11,3792.6
1,3794.1
28,3797.3
11,3798.2
1,3798.4
3,3798.6
26,3798.8
9,3801.2
1,3803.0
28,3803.3
11,3804.3
1,3808.0
28,3810.8
1,3813.5
11,3814.3
1,3819.7
1,3830.4
11,3836.7
13,3836.9
3,3836.9
1,3836.9
9,3837.0
28,3837.0
26,3837.0
21,3837.2
18,3837.3
5,3837.5
10,3837.6
4,3837.7
30,3837.7
29,3837.7
7,3837.7
16,3837.8
25,3837.8
17,3837.8
8,3837.9
27,3838.1
23,3838.2
15,3838.2
22,3838.2
20,3838.3
6,3838.7
1,3842.4
11,3843.4
3,3843.6
28,3843.6
13,3843.7
9,3843.8
26,3843.9
18,3844.4
21,3844.6
5,3844.8
30,3844.8
27,3846.2
15,3846.3
10,3846.4
16,3846.6
7,3846.6
8,3846.7
4,3846.7
22,3846.9
1,3847.0
29,3847.3
20,3847.3
6,3847.7
17,3848.1
11,3848.4
28,3848.5
23,3848.7
3,3848.9
25,3849.0
13,3849.3
9,3849.3
26,3849.5
18,3850.6
21,3851.2
30,3851.2
2,3851.8
5,3852.2
28,3853.1
11,3853.2
16,3853.9
3,3853.9
8,3854.0
9,3854.4
26,3854.8
13,3854.8
10,3855.8
29,3855.9
15,3856.3
27,3856.4
0,3856.8
18,3856.9
28,3857.6
11,3857.7
3,3858.9
9,3859.5
22,3859.6
30,3859.6
21,3859.6
7,3859.8
25,3859.9
17,3860.0
26,3860.1
13,3860.6
28,3862.2
11,3862.3
16,3863.3
8,3863.4
3,3864.2
9,3865.0
5,3865.5
26,3865.7
18,3866.1
13,3866.8
11,3866.9
28,3866.9
3,3869.8
9,3870.9
26,3871.8
11,3871.8
28,3872.0
3,3876.2
11,3877.2
13,3877.2
28,3877.5
9,3878.4
26,3881.2
11,3883.0
28,3883.6
1,3885.4
3,3889.1
1,3889.8
11,3890.0
28,3892.9
1,3894.7
1,3900.1
1,3906.0
1,3913.8
11,3916.8
13,3916.9
28,3917.0
3,3917.0
26,3917.1
9,3917.1
21,3917.2
18,3917.4
5,3917.5
30,3917.7
10,3917.7
4,3917.7
25,3917.8
29,3917.8
16,3917.8
7,3917.9
8,3917.9
17,3918.0
15,3918.2
27,3918.2
23,3918.2
22,3918.3
20,3918.4
6,3918.7
1,3919.7
11,3923.4
28,3923.5
3,3923.7
13,3923.7
9,3923.9
26,3924.0
18,3924.4
21,3924.5
30,3924.7
5,3924.8
1,3924.8
27,3926.1
15,3926.3
4,3926.4
16,3926.6
8,3926.7
10,3926.8
7,3927.0
22,3927.1
29,3927.1
20,3927.5
6,3927.6
17,3928.4
11,3928.4
28,3928.4
3,3928.9
25,3929.0
23,3929.2
9,3929.3
13,3929.3
26,3929.6
18,3930.5
21,3931.1
30,3931.1
5,3932.1
28,3933.0
11,3933.2
2,3933.3
16,3933.8
8,3933.9
3,3934.0
9,3934.4
13,3934.8
26,3934.9
29,3935.7
27,3935.8
10,3936.3
18,3936.8
15,3937.4
28,3937.5
11,3937.7
21,3938.5
30,3939.0
3,3939.0
25,3939.3
9,3939.5
22,3939.8
7,3939.9
26,3940.3
13,3940.6
17,3940.7
28,3942.0
11,3942.2
16,3943.4
8,3943.8
3,3944.4
9,3944.9
18,3945.0
5,3945.8
26,3946.1
28,3946.7
11,3946.8
13,3947.0
3,3950.1
9,3950.7
11,3951.7
28,3951.7
26,3952.6
3,3956.7
11,3957.0
28,3957.1
9,3957.5
13,3960.8
11,3962.7
28,3963.1
11,3969.4
28,3970.8
1,3975.1
1,3979.3
1,3983.8
15,3986.2
1,3988.8
1,3994.4
11,3996.8
13,3996.9
3,3996.9
28,3997.0
9,3997.0
26,3997.1
21,3997.3
18,3997.4
5,3997.5
30,3997.7
4,3997.7
16,3997.8
29,3997.8
10,3997.8
25,3997.9
8,3997.9
7,3997.9
17,3998.0
27,3998.2
22,3998.3
23,3998.3
20,3998.3
6,3998.7
1,3999.6
15,3999.8
11,4003.4
28,4003.6
13,4003.7
3,4003.7
9,4003.8
26,4004.0
18,4004.5
21,4004.6
30,4004.7
5,4004.8
27,4006.1
4,4006.4
16,4006.6
8,4006.7
10,4006.8
7,4006.9
22,4007.1
20,4007.4
29,4007.5
6,4007.6
11,4008.4
28,4008.5
15,4008.5
17,4008.6
3,4008.8
25,4008.9
9,4009.2
13,4009.3
23,4009.3
26,4009.7
18,4010.6
30,4011.1
21,4011.2
5,4012.2
28,4013.1
11,4013.2
3,4013.8
16,4013.8
8,4014.1
2,4014.2
9,4014.3
13,4014.9
26,4015.0
10,4016.2
27,4016.3
31,4016.4
29,4016.5
18,4017.0
28,4017.6
11,4017.7
25,4018.6
30,4018.7
3,4018.7
21,4018.9
9,4019.3
22,4019.5
26,4020.4
20,4020.4
13,4020.6
15,4021.6
11,4022.2
28,4022.2
16,4023.0
8,4023.5
3,4023.9
9,4024.6
5,4025.7
26,4026.2
18,4026.3
11,4026.7
28,4026.8
13,4027.1
3,4029.4
9,4030.2
11,4031.4
28,4031.8
26,4032.8
3,4035.5
11,4036.4
9,4036.5
28,4037.3
13,4040.1
11,4041.9
28,4043.3
3,4043.5
11,4047.8
9,4050.3
28,4051.5
11,4055.1
18,4056.2
16,4056.8
17,4056.9
1,4058.5
28,4058.8
5,4060.2
1,4063.0
1,4067.9
28,4068.0
18,4069.1
1,4073.5
1,4079.6
1,4090.1
11,4381.9
1,4381.9
13,4382.0
28,4382.1
3,4382.2
21,4382.3
9,4382.4
4,4382.5
18,4382.6
5,4382.6
26,4382.6
10,4382.8
25,4382.9
20,4382.9
30,4382.9
16,4382.9
29,4383.0
7,4383.0
8,4383.0
17,4383.1
23,4383.3
27,4383.4
22,4383.5
15,4383.5
6,4383.9
1,4388.5
11,4388.6
28,4388.7
3,4388.9
13,4388.9
4,4389.5
9,4389.6
21,4389.7
18,4389.7
20,4389.9
5,4390.0
30,4390.0
26,4390.1
27,4391.7
15,4391.9
8,4391.9
16,4391.9
10,4392.2
7,4392.5
22,4392.9
6,4393.2
29,4393.5
28,4393.6
11,4393.6
1,4393.6
25,4393.9
17,4394.2
3,4394.3
13,4394.5
23,4395.2
4,4395.9
18,4395.9
9,4396.0
21,4396.3
30,4396.5
20,4396.5
26,4396.5
2,4396.6
5,4397.2
0,4397.8
28,4398.3
11,4398.4
1,4398.5
16,4399.5
3,4399.6
8,4399.6
13,4400.2
10,4400.9
27,4402.0
18,4402.6
29,4402.7
25,4402.8
28,4402.9
9,4402.9
1,4403.1
11,4403.1
15,4403.3
26,4403.7
4,4403.9
21,4404.5
20,4404.9
3,4405.1
17,4406.0
30,4406.3
13,4406.3
22,4406.4
1,4407.6
28,4407.6
11,4407.7
16,4409.6
5,4410.0
8,4410.1
3,4411.1
1,4412.2
28,4412.4
11,4412.5
13,4413.9
18,4415.5
9,4416.6
1,4417.1
11,4417.6
28,4417.8
3,4418.5
1,4422.4
11,4423.2
28,4423.7
1,4428.3
11,4429.4
28,4431.1
1,4435.4
11,4439.8
11,4461.7
1,4461.7
13,4461.9
28,4462.0
3,4462.0
21,4462.2
4,4462.3
9,4462.3
18,4462.4
26,4462.4
5,4462.5
20,4462.6
10,4462.7
29,4462.7
17,4462.8
16,4462.8
30,4462.8
7,4462.8
25,4462.8
8,4462.9
27,4463.1
23,4463.2
22,4463.3
15,4463.4
6,4463.9
11,4468.3
1,4468.3
28,4468.6
13,4468.7
3,4468.7
4,4469.2
18,4469.5
9,4469.5
21,4469.5
20,4469.6
26,4469.7
30,4469.8
5,4469.8
27,4471.2
10,4471.5
15,4471.6
16,4471.8
8,4471.9
7,4472.0
29,4472.3
22,4472.3
6,4472.9
1,4473.2
17,4473.2
11,4473.4
28,4473.5
23,4473.8
25,4473.9
3,4474.0
13,4474.3
4,4475.5
18,4475.7
9,4475.8
20,4475.9
26,4476.1
21,4476.1
30,4476.2
2,4477.1
5,4477.1
11,4478.1
1,4478.1
28,4478.2
16,4479.1
3,4479.2
8,4479.5
13,4480.0
10,4480.2
27,4481.0
29,4481.1
18,4482.2
1,4482.6
28,4482.7
11,4482.7
4,4483.1
9,4483.1
20,4483.3
15,4483.4
26,4483.4
25,4484.4
3,4484.5
30,4484.5
21,4484.5
22,4485.0
7,4485.9
17,4485.9
13,4485.9
1,4487.0
11,4487.2
28,4487.3
16,4489.5
3,4490.2
8,4490.4
5,4490.8
1,4491.5
11,4491.8
28,4492.0
18,4492.5
13,4492.9
1,4496.1
11,4496.6
3,4496.6
28,4497.1
1,4501.2
11,4501.8
28,4502.7
1,4506.7
11,4507.5
3,4508.8
28,4508.9
1,4512.9
11,4513.9
28,4519.4
1,4524.1
11,4527.9
13,4541.9
1,4541.9
28,4542.0
3,4542.0
11,4542.1
21,4542.2
9,4542.3
4,4542.3
26,4542.4
18,4542.4
5,4542.5
10,4542.6
20,4542.7
30,4542.7
16,4542.8
25,4542.8
29,4542.8
17,4542.9
8,4542.9
7,4542.9
27,4543.1
15,4543.2
23,4543.2
22,4543.3
6,4543.7
28,4548.5
1,4548.6
3,4548.7
13,4548.7
11,4548.8
4,4549.3
18,4549.5
9,4549.5
21,4549.6
20,4549.7
30,4549.7
5,4549.8
26,4549.9
27,4551.2
15,4551.4
10,4551.6
16,4551.7
8,4551.8
22,4552.2
7,4552.2
29,4552.4
6,4552.8
17,4553.2
28,4553.4
1,4553.5
11,4553.8
25,4553.9
3,4554.0
23,4554.1
13,4554.3
18,4555.6
4,4555.6
9,4555.8
20,4556.1
30,4556.1
21,4556.1
26,4556.3
5,4557.0
2,4557.6
28,4558.1
1,4558.3
11,4558.6
16,4559.1
8,4559.2
3,4559.2
13,4559.8
10,4559.9
27,4561.0
29,4561.5
18,4562.1
28,4562.5
9,4562.8
1,4562.8
11,4563.2
4,4563.7
15,4563.8
21,4563.9
26,4564.0
30,4564.1
20,4564.3
25,4564.4
3,4564.6
22,4565.2
13,4565.6
17,4566.0
28,4567.0
1,4567.3
11,4567.7
16,4569.4
8,4570.2
3,4570.4
5,4570.5
28,4571.6
1,4571.8
18,4572.0
13,4572.2
11,4572.4
1,4576.5
28,4576.6
3,4577.0
11,4577.4
1,4581.7
28,4582.0
11,4582.8
1,4587.4
28,4588.0
11,4588.7
1,4593.9
28,4595.9
11,4596.2
1,4621.7
11,4621.8
13,4621.9
3,4622.0
28,4622.0
4,4622.3
21,4622.3
9,4622.3
5,4622.4
18,4622.4
26,4622.4
10,4622.7
30,4622.7
20,4622.7
29,4622.8
25,4622.8
8,4622.8
16,4622.8
7,4622.9
17,4623.0
27,4623.1
15,4623.3
22,4623.3
23,4623.4
6,4623.7
1,4628.3
11,4628.4
28,4628.6
3,4628.7
13,4628.7
4,4629.3
18,4629.5
9,4629.5
21,4629.6
30,4629.7
20,4629.7
26,4629.8
5,4629.8
27,4631.2
8,4631.3
16,4631.6
15,4631.6
10,4631.8
22,4632.1
7,4632.2
29,4632.5
6,4632.9
1,4633.2
11,4633.4
28,4633.5
17,4633.5
25,4634.0
3,4634.0
23,4634.3
13,4634.4
18,4635.6
4,4635.6
9,4635.8
30,4636.1
21,4636.2
20,4636.2
26,4636.3
5,4637.0
28,4638.1
1,4638.1
11,4638.2
8,4638.3
16,4638.9
3,4639.2
13,4640.0
10,4640.2
27,4640.3
12,4640.4
29,4641.1
18,4642.0
1,4642.6
28,4642.6
9,4642.7
11,4642.7
4,4643.1
30,4643.8
26,4643.9
21,4644.1
20,4644.2
22,4644.2
15,4644.4
3,4644.6
25,4644.8
13,4645.9
8,4646.6
17,4647.0
1,4647.0
28,4647.1
11,4647.2
16,4648.5
5,4649.9
3,4650.4
1,4651.4
11,4651.8
28,4651.8
18,4651.9
13,4652.9
1,4656.1
11,4656.7
28,4656.8
3,4657.0
1,4661.2
11,4662.0
28,4662.4
1,4666.8
11,4667.8
28,4668.4
1,4673.0
11,4674.5
28,4677.5
1,4685.8
11,5006.9
1,5007.0
13,5007.0
28,5007.1
3,5007.3
21,5007.3
4,5007.4
5,5007.5
26,5007.6
10,5007.8
20,5007.8
16,5007.9
30,5007.9
25,5008.0
9,5008.0
8,5008.0
7,5008.0
29,5008.0
18,5008.1
17,5008.1
23,5008.1
27,5008.4
22,5008.5
15,5008.5
19,5008.7
6,5009.0
13,5013.5
11,5013.6
28,5013.7
3,5013.9
1,5014.0
5,5014.3
4,5014.4
21,5014.8
20,5014.9
30,5014.9
26,5015.1
27,5016.1
19,5016.8
15,5016.9
16,5017.1
10,5017.3
8,5017.4
7,5017.5
22,5017.7
6,5018.1
29,5018.3
9,5018.4
13,5018.5
11,5018.6
18,5018.6
28,5018.6
17,5019.2
3,5019.3
25,5019.5
1,5019.8
23,5020.1
5,5020.2
4,5020.9
20,5021.4
30,5021.5
26,5021.6
21,5021.6
31,5023.1
13,5023.2
28,5023.3
11,5023.5
16,5023.9
27,5024.2
2,5024.3
3,5024.5
8,5025.0
1,5025.5
18,5025.9
10,5026.4
5,5026.4
19,5026.7
17,5027.2
29,5027.9
13,5027.9
28,5027.9
11,5028.1
15,5028.5
26,5029.1
4,5029.2
25,5029.7
3,5029.8
21,5030.1
20,5030.4
16,5030.8
9,5031.0
1,5031.1
30,5031.2
28,5032.2
11,5032.6
13,5032.6
18,5033.8
5,5034.2
3,5035.5
6,5035.9
8,5036.0
28,5036.5
1,5036.9
11,5037.3
13,5037.5
17,5037.6
28,5040.9
16,5041.6
3,5041.9
11,5042.3
13,5042.9
1,5043.5
28,5045.6
11,5047.7
13,5048.6
28,5050.7
11,5053.5
13,5055.2
3,5056.1
28,5056.3
11,5060.6
28,5062.5
28,5074.4
1,5086.8
13,5086.8
11,5086.8
3,5087.2
4,5087.2
21,5087.2
5,5087.3
28,5087.3
26,5087.4
20,5087.6
10,5087.6
29,5087.7
9,5087.7
16,5087.7
30,5087.7
7,5087.8
25,5087.8
17,5087.8
18,5087.9
8,5088.0
22,5088.2
23,5088.2
27,5088.2
15,5088.3
19,5088.5
6,5088.8
13,5093.3
11,5093.4
1,5093.8
3,5093.8
28,5093.9
5,5094.1
4,5094.2
20,5094.6
21,5094.6
30,5094.8
26,5094.8
27,5095.7
10,5096.3
16,5096.5
19,5096.5
15,5096.6
7,5096.8
22,5096.9
29,5097.1
8,5097.2
9,5097.3
17,5097.6
6,5097.8
18,5097.8
13,5098.2
11,5098.4
23,5098.6
28,5098.9
25,5099.0
3,5099.0
1,5099.6
5,5099.8
4,5100.5
20,5101.1
30,5101.1
26,5101.3
21,5101.3
13,5102.9
11,5103.2
27,5103.4
28,5103.6
16,5103.8
3,5104.2
31,5104.3
2,5104.8
8,5104.9
10,5105.0
1,5105.1
5,5105.8
19,5105.9
29,5106.2
13,5107.4
22,5107.4
15,5107.5
18,5107.7
11,5107.8
4,5107.9
28,5108.1
17,5108.2
20,5108.4
26,5108.5
30,5109.1
3,5109.4
21,5109.5
7,5109.6
9,5109.9
25,5110.4
1,5110.5
13,5112.0
11,5112.2
5,5112.3
28,5112.7
16,5113.2
3,5115.0
1,5116.3
13,5116.8
11,5116.8
8,5117.4
28,5117.5
3,5121.0
11,5121.6
13,5122.0
28,5122.6
1,5122.7
5,5123.4
11,5126.8
13,5127.5
28,5128.1
3,5128.7
11,5132.3
13,5133.7
28,5134.2
1,5137.1
11,5138.4
28,5142.7
13,5143.2
11,5146.8
11,5166.7
13,5166.8
1,5166.9
28,5167.0
3,5167.2
21,5167.2
5,5167.3
4,5167.3
26,5167.4
10,5167.6
20,5167.7
30,5167.7
9,5167.8
29,5167.8
16,5167.8
25,5167.9
8,5167.9
7,5167.9
17,5168.0
18,5168.0
15,5168.2
23,5168.2
27,5168.2
22,5168.3
19,5168.6
6,5168.7
11,5173.3
13,5173.3
28,5173.5
3,5173.8
1,5173.9
5,5174.1
4,5174.2
21,5174.5
20,5174.7
30,5174.7
26,5174.8
27,5175.7
15,5176.4
19,5176.5
16,5176.6
10,5176.6
8,5176.8
22,5177.0
7,5177.1
29,5177.5
6,5177.6
9,5177.9
18,5178.0
17,5178.2
13,5178.2
11,5178.3
28,5178.4
25,5178.9
3,5179.0
23,5179.1
1,5179.7
5,5179.9
4,5180.5
30,5181.1
20,5181.1
21,5181.1
26,5181.4
13,5182.9
28,5183.1
11,5183.1
27,5183.2
16,5183.8
8,5184.2
3,5184.2
2,5184.6
31,5184.9
1,5185.3
10,5185.3
5,5185.9
19,5186.2
15,5186.8
29,5187.1
13,5187.4
28,5187.5
11,5187.6
4,5187.9
22,5188.4
26,5188.7
20,5189.0
21,5189.0
18,5189.0
30,5189.1
3,5189.4
25,5189.9
17,5190.2
9,5190.7
1,5190.8
11,5191.9
13,5191.9
28,5192.0
16,5192.3
5,5192.6
3,5194.9
8,5195.0
11,5196.4
13,5196.6
1,5196.6
28,5196.6
3,5200.9
11,5201.0
28,5201.5
13,5201.6
1,5203.4
5,5205.6
11,5205.9
28,5206.8
13,5207.1
3,5208.8
11,5211.3
28,5212.6
13,5213.1
11,5217.2
28,5219.3
13,5221.0
11,5224.3
3,5233.4
11,5246.8
1,5246.9
13,5246.9
28,5247.0
21,5247.3
5,5247.3
4,5247.3
26,5247.4
3,5247.6
20,5247.7
30,5247.7
10,5247.7
16,5247.8
29,5247.8
25,5247.8
8,5247.9
7,5247.9
17,5248.0
9,5248.0
18,5248.0
27,5248.2
15,5248.2
22,5248.3
23,5248.3
19,5248.5
6,5248.8
11,5253.4
13,5253.4
28,5253.6
1,5253.9
4,5254.2
5,5254.2
3,5254.3
21,5254.7
20,5254.7
30,5254.7
26,5254.8
27,5255.6
15,5256.3
19,5256.5
16,5256.6
8,5256.7
10,5256.8
22,5257.0
7,5257.1
29,5257.5
6,5257.9
9,5258.0
18,5258.1
13,5258.3
11,5258.4
17,5258.4
28,5258.5
25,5258.9
23,5259.0
3,5259.6
1,5259.7
5,5260.0
4,5260.5
30,5261.1
20,5261.2
26,5261.3
21,5261.3
13,5263.0
28,5263.2
11,5263.2
27,5263.3
16,5263.8
8,5264.0
3,5264.9
31,5265.0
2,5265.3
1,5265.3
10,5265.6
5,5266.0
15,5266.2
19,5266.7
29,5267.1
13,5267.5
28,5267.6
11,5267.7
4,5268.0
26,5268.4
30,5268.8
22,5268.9
21,5269.1
20,5269.2
25,5269.8
18,5269.8
7,5270.1
17,5270.1
3,5270.3
1,5270.8
9,5270.9
11,5272.1
13,5272.1
28,5272.1
16,5273.1
5,5273.1
8,5274.2
3,5276.0
1,5276.5
11,5276.6
28,5276.7
13,5277.0
11,5281.4
28,5281.7
13,5282.2
3,5282.4
1,5283.2
11,5286.5
28,5287.0
13,5287.8
11,5292.0
28,5292.9
13,5294.2
3,5296.6
11,5297.9
28,5299.7
11,5305.4
13,5306.3
11,5631.9
1,5632.0
13,5632.0
28,5632.2
3,5632.3
21,5632.3
4,5632.4
5,5632.5
26,5632.6
10,5632.8
29,5632.9
30,5632.9
16,5633.0
25,5633.0
8,5633.0
9,5633.0
7,5633.0
18,5633.1
17,5633.1
27,5633.2
20,5633.3
23,5633.3
24,5633.4
0,5633.5
15,5633.5
19,5633.8
6,5634.0
11,5638.5
13,5638.5
1,5639.0
28,5639.0
3,5639.0
5,5639.3
4,5639.4
21,5639.8
30,5640.0
26,5640.1
27,5640.5
19,5641.8
15,5641.8
8,5642.2
7,5642.3
16,5642.4
10,5642.4
0,5642.6
20,5642.6
24,5643.1
6,5643.1
29,5643.3
18,5643.4
13,5643.5
9,5643.5
11,5643.6
25,5644.2
17,5644.3
3,5644.3
28,5644.4
1,5644.8
23,5645.0
5,5645.1
4,5645.8
21,5646.5
26,5646.6
30,5646.6
27,5647.5
31,5647.6
13,5648.2
11,5648.3
28,5649.5
2,5649.7
3,5649.7
8,5649.8
16,5649.8
1,5650.5
22,5650.5
10,5651.0
5,5651.4
15,5652.6
19,5652.7
13,5652.8
11,5653.0
29,5653.3
25,5653.6
26,5654.1
4,5654.5
28,5654.7
18,5654.9
21,5655.0
3,5655.2
7,5655.4
1,5656.1
17,5656.5
30,5656.8
13,5657.5
11,5657.6
16,5659.5
27,5659.6
5,5659.6
28,5660.1
8,5660.1
3,5661.2
1,5661.9
11,5662.2
13,5662.5
28,5666.0
11,5667.1
13,5668.0
1,5668.7
3,5669.1
11,5672.4
28,5673.6
13,5674.0
18,5678.0
11,5678.1
17,5678.3
16,5679.0
28,5680.8
13,5682.3
11,5684.5
28,5689.9
18,5696.6
11,5696.9
1,5711.8
13,5711.8
11,5712.0
28,5712.0
3,5712.2
21,5712.2
4,5712.3
5,5712.3
26,5712.4
10,5712.5
29,5712.7
9,5712.8
7,5712.8
25,5712.8
16,5712.8
30,5712.8
8,5712.9
17,5712.9
27,5713.1
20,5713.2
23,5713.2
24,5713.3
0,5713.4
15,5713.4
19,5713.5
6,5713.8
18,5713.9
13,5718.3
11,5718.7
1,5718.8
3,5718.8
28,5718.8
5,5719.1
4,5719.2
21,5719.5
26,5719.8
30,5719.8
27,5720.3
10,5721.3
19,5721.5
15,5721.6
16,5721.6
7,5721.8
8,5721.9
29,5722.2
9,5722.3
20,5722.4
0,5722.5
24,5722.6
6,5722.9
17,5723.1
13,5723.3
23,5723.6
18,5723.7
11,5723.7
25,5724.0
3,5724.1
28,5724.2
1,5724.6
5,5724.9
4,5725.6
21,5726.1
30,5726.2
26,5726.3
27,5727.3
13,5728.0
31,5728.3
11,5728.5
16,5728.8
28,5729.2
3,5729.4
10,5729.4
2,5729.5
8,5729.5
1,5730.1
22,5730.2
29,5730.9
5,5731.0
19,5731.3
15,5732.0
13,5732.6
11,5733.1
4,5733.5
26,5733.8
7,5734.2
21,5734.2
28,5734.3
17,5734.4
30,5734.5
3,5734.8
25,5735.0
9,5735.5
1,5735.6
18,5736.0
13,5737.3
11,5737.6
5,5737.8
16,5738.1
27,5739.5
28,5739.7
8,5740.3
3,5740.6
1,5741.4
11,5742.3
13,5742.3
28,5745.4
3,5747.2
11,5747.2
13,5747.7
1,5747.9
5,5751.7
28,5751.9
11,5752.5
13,5753.6
11,5758.3
13,5760.9
11,5764.9
28,5765.9
13,5791.8
11,5791.8
1,5791.9
28,5792.0
3,5792.2
21,5792.2
5,5792.3
4,5792.3
26,5792.5
10,5792.6
30,5792.7
29,5792.8
16,5792.8
25,5792.8
9,5792.8
7,5792.9
8,5792.9
17,5793.0
18,5793.0
27,5793.1
23,5793.2
20,5793.2
15,5793.2
24,5793.3
0,5793.4
6,5793.6
19,5793.6
11,5798.4
13,5798.4
1,5798.8
28,5798.8
3,5798.8
5,5799.1
4,5799.2
21,5799.6
30,5799.7
26,5799.8
27,5800.3
16,5801.3
15,5801.3
19,5801.5
10,5801.6
8,5801.8
7,5802.1
6,5802.3
20,5802.3
29,5802.4
0,5802.4
24,5802.5
9,5802.7
18,5802.7
13,5803.3
17,5803.4
11,5803.4
23,5803.9
25,5804.0
3,5804.1
28,5804.1
1,5804.6
5,5804.9
4,5805.5
30,5806.1
26,5806.2
21,5806.2
27,5807.1
13,5808.0
11,5808.2
16,5808.3
28,5809.1
3,5809.2
8,5809.2
10,5809.6
1,5810.2
5,5811.0
2,5811.3
29,5811.7
15,5811.9
13,5812.5
11,5812.7
19,5813.1
4,5813.3
26,5813.4
18,5813.8
28,5814.0
21,5814.3
3,5814.5
30,5814.5
25,5815.2
1,5815.7
17,5815.8
9,5815.8
6,5815.8
16,5817.0
13,5817.1
11,5817.2
5,5817.6
27,5819.0
28,5819.1
8,5819.2
3,5820.2
1,5821.5
11,5821.8
13,5821.9
28,5824.6
3,5826.4
11,5826.6
13,5827.2
1,5828.4
5,5830.5
28,5830.5
11,5831.9
13,5832.9
3,5836.9
11,5837.6
28,5838.3
13,5839.3
11,5844.1
11,5871.8
13,5871.9
1,5871.9
28,5872.1
3,5872.2
21,5872.3
4,5872.3
5,5872.3
26,5872.5
30,5872.7
10,5872.7
25,5872.9
16,5872.9
8,5872.9
7,5872.9
29,5872.9
9,5873.0
17,5873.0
18,5873.0
27,5873.1
20,5873.2
23,5873.3
15,5873.3
0,5873.4
24,5873.4
19,5873.6
6,5873.8
13,5878.4
11,5878.4
3,5878.8
28,5878.9
1,5878.9
5,5879.1
4,5879.2
30,5879.7
21,5879.7
26,5879.9
27,5880.4
19,5881.5
15,5881.5
16,5881.7
10,5881.8
8,5881.9
7,5881.9
20,5882.3
29,5882.4
0,5882.4
6,5882.5
24,5882.8
9,5882.9
18,5883.1
13,5883.3
11,5883.4
17,5883.5
25,5884.1
3,5884.1
23,5884.2
28,5884.2
1,5884.8
5,5884.9
4,5885.5
30,5886.0
21,5886.3
26,5886.4
27,5887.3
13,5888.0
11,5888.2
31,5888.6
16,5888.9
3,5889.2
28,5889.2
8,5889.3
2,5889.8
10,5890.3
1,5890.4
5,5891.0
29,5891.7
13,5892.5
19,5892.5
11,5892.7
15,5892.7
4,5893.3
30,5894.1
26,5894.1
28,5894.2
3,5894.5
21,5894.7
18,5894.7
25,5894.9
17,5895.6
7,5895.7
1,5896.0
9,5896.3
11,5897.2
13,5897.2
5,5897.8
16,5898.0
27,5899.3
28,5899.4
8,5899.8
3,5900.2
11,5901.8
1,5902.0
13,5902.1
28,5905.0
3,5906.4
11,5906.8
13,5907.4
1,5910.1
28,5911.1
5,5911.9
11,5912.1
13,5913.2
3,5917.2
11,5917.9
13,5920.2
28,5920.8
11,5924.9
18,6043.9
28,6044.0
16,6044.5
17,6044.5
28,6056.7
1,6257.0
13,6257.2
11,6257.2
3,6257.3
4,6257.4
5,6257.5
26,6257.6
30,6257.7
15,6257.7
28,6257.7
29,6257.9
25,6258.0
7,6258.0
8,6258.0
16,6258.0
18,6258.1
17,6258.1
21,6258.2
27,6258.2
20,6258.3
22,6258.4
24,6258.4
23,6258.5
0,6258.5
19,6258.8
6,6258.9
13,6263.7
3,6263.9
1,6264.0
11,6264.2
5,6264.3
4,6264.4
30,6264.5
15,6264.7
26,6265.0
28,6265.2
27,6265.5
19,6266.9
16,6267.0
8,6267.3
0,6267.5
7,6267.6
20,6267.6
24,6267.7
29,6267.9
22,6268.0
6,6268.2
18,6268.5
13,6268.6
21,6269.0
17,6269.2
3,6269.3
25,6269.6
1,6269.9
5,6270.1
23,6270.2
30,6270.4
11,6270.5
4,6270.9
15,6271.1
26,6271.6
2,6271.7
28,6272.8
27,6272.8
13,6273.4
16,6274.4
3,6274.5
10,6274.6
8,6275.0
1,6275.7
5,6276.3
30,6276.5
11,6276.9
29,6277.1
13,6278.1
15,6278.6
19,6278.8
18,6279.2
25,6279.2
26,6279.3
3,6279.9
4,6280.2
1,6281.4
17,6281.7
13,6283.0
30,6283.9
5,6283.9
16,6284.3
11,6284.8
3,6285.7
8,6286.0
27,6286.4
1,6287.5
13,6288.2
3,6292.2
13,6293.9
1,6296.1
13,6300.5
18,6311.9
28,6312.0
16,6312.5
17,6312.5
28,6324.4
1,6336.8
11,6337.0
13,6337.0
3,6337.2
5,6337.3
4,6337.3
26,6337.4
30,6337.5
15,6337.5
29,6337.6
16,6337.7
25,6337.8
21,6337.9
7,6337.9
17,6337.9
18,6337.9
8,6338.0
27,6338.1
22,6338.2
20,6338.2
28,6338.2
23,6338.3
24,6338.3
0,6338.4
19,6338.6
6,6338.8
13,6343.5
1,6343.8
3,6343.8
11,6344.0
5,6344.1
4,6344.3
30,6344.3
15,6344.5
26,6344.8
27,6345.3
28,6345.7
16,6346.4
19,6346.5
29,6347.0
20,6347.1
8,6347.2
7,6347.3
22,6347.5
0,6347.5
18,6347.6
24,6347.7
6,6347.9
17,6348.0
21,6348.1
13,6348.4
25,6348.8
3,6349.1
1,6349.6
5,6349.9
30,6350.0
11,6350.0
23,6350.1
4,6350.6
15,6350.7
26,6351.3
27,6352.4
13,6353.2
16,6353.5
28,6353.5
2,6353.7
3,6354.2
8,6354.8
1,6355.3
30,6355.8
29,6355.8
5,6355.9
10,6356.1
11,6356.4
19,6356.9
18,6357.7
15,6357.8
13,6357.8
4,6358.8
26,6358.9
20,6359.3
17,6359.4
3,6359.5
25,6359.7
1,6360.9
30,6362.2
5,6362.4
13,6362.6
16,6362.7
11,6364.1
3,6365.1
27,6365.5
8,6366.0
1,6366.8
13,6367.7
3,6371.2
30,6372.1
13,6373.2
5,6374.0
1,6374.5
13,6379.1
3,6380.6
13,6386.8
1,6416.9
11,6417.0
13,6417.0
3,6417.2
5,6417.3
4,6417.3
26,6417.4
15,6417.5
30,6417.5
28,6417.6
29,6417.8
21,6417.8
25,6417.8
16,6417.8
7,6417.9
8,6417.9
18,6418.0
17,6418.0
27,6418.0
20,6418.1
22,6418.2
0,6418.3
24,6418.3
23,6418.3
19,6418.5
6,6418.8
13,6423.5
3,6423.8
1,6423.9
11,6424.0
5,6424.1
30,6424.2
4,6424.2
15,6424.5
26,6424.8
28,6424.9
27,6425.3
16,6426.5
19,6426.6
8,6426.8
0,6427.1
7,6427.1
20,6427.1
22,6427.2
29,6427.5
6,6427.5
24,6427.7
21,6427.7
18,6428.1
17,6428.2
13,6428.4
3,6429.1
25,6429.1
1,6429.7
5,6429.9
11,6430.0
30,6430.0
23,6430.4
4,6430.6
15,6430.7
26,6431.4
28,6432.4
27,6432.4
13,6433.1
16,6433.7
8,6434.2
3,6434.2
1,6435.4
30,6435.9
5,6436.0
11,6436.3
29,6436.8
15,6437.6
13,6437.7
19,6438.5
4,6438.7
26,6439.0
18,6439.6
3,6439.6
17,6439.7
20,6439.8
25,6440.2
0,6440.4
1,6441.0
30,6442.4
13,6442.4
16,6442.8
5,6442.9
11,6443.8
8,6444.6
3,6445.2
27,6445.4
1,6447.0
13,6447.4
15,6451.1
3,6451.5
13,6452.8
30,6453.8
1,6454.8
13,6458.6
3,6463.4
13,6465.5
1,6496.9
13,6497.0
11,6497.0
3,6497.2
4,6497.3
5,6497.3
26,6497.5
15,6497.5
30,6497.5
28,6497.6
16,6497.8
7,6497.8
29,6497.8
8,6497.9
21,6497.9
25,6497.9
18,6498.0
17,6498.0
27,6498.1
20,6498.2
23,6498.2
22,6498.2
0,6498.3
24,6498.4
19,6498.5
6,6498.7
13,6503.5
3,6503.8
1,6503.9
11,6504.0
5,6504.2
4,6504.2
30,6504.3
15,6504.5
26,6504.9
28,6505.0
27,6505.4
16,6506.6
19,6506.7
8,6506.8
0,6507.0
7,6507.0
22,6507.2
20,6507.4
29,6507.6
6,6507.7
24,6507.8
18,6508.2
21,6508.2
13,6508.4
17,6508.5
3,6509.1
25,6509.4
1,6509.8
30,6510.0
5,6510.0
11,6510.1
23,6510.2
4,6510.6
15,6510.7
26,6511.4
28,6512.5
27,6512.6
13,6513.1
16,6513.8
8,6514.1
3,6514.3
1,6515.4
30,6516.0
5,6516.1
11,6516.5
2,6516.7
29,6517.1
13,6517.7
15,6518.0
19,6518.3
4,6518.8
26,6519.2
3,6519.6
25,6519.9
18,6520.2
0,6520.3
1,6521.0
17,6521.3
13,6522.5
30,6522.8
16,6522.8
5,6523.3
8,6523.5
11,6524.6
3,6525.3
1,6527.1
13,6527.5
3,6531.7
13,6532.9
1,6535.4
13,6538.8
3,6544.6
13,6546.1
18,6578.9
28,6579.0
17,6579.3
16,6579.6
28,6591.7
1,6882.0
13,6882.2
3,6882.3
4,6882.4
11,6882.4
25,6882.6
26,6882.6
16,6882.6
0,6882.7
15,6882.7
20,6882.7
30,6882.7
19,6882.9
29,6882.9
5,6882.9
8,6883.0
18,6883.1
17,6883.1
9,6883.2
27,6883.2
22,6883.3
28,6883.3
24,6883.4
23,6883.4
6,6884.0
13,6888.7
3,6888.9
1,6889.0
4,6889.4
30,6889.4
15,6889.7
0,6889.7
19,6889.7
20,6889.8
25,6889.8
16,6889.9
11,6890.0
5,6890.0
26,6890.1
27,6890.5
8,6892.3
22,6892.8
24,6892.8
6,6893.3
29,6893.5
13,6893.6
9,6893.7
18,6893.8
17,6894.3
3,6894.3
28,6894.3
1,6894.9
30,6895.3
23,6895.5
19,6895.6
4,6895.9
15,6896.1
0,6896.3
20,6896.5
5,6896.7
26,6896.7
25,6897.0
16,6897.2
27,6897.7
11,6897.9
13,6898.4
10,6898.7
8,6899.5
3,6899.5
1,6900.7
30,6901.5
19,6902.1
14,6902.8
2,6902.9
13,6903.2
15,6904.1
29,6904.3
26,6904.4
4,6904.7
3,6905.0
0,6905.1
16,6905.1
25,6905.2
18,6905.4
20,6905.9
5,6906.1
1,6906.4
11,6907.3
17,6907.3
13,6908.2
8,6908.9
30,6909.1
3,6910.9
27,6911.3
1,6912.7
13,6913.6
19,6913.7
3,6918.0
13,6919.5
1,6923.7
13,6926.8
1,6961.8
13,6962.0
11,6962.2
3,6962.2
4,6962.2
16,6962.4
25,6962.4
26,6962.4
30,6962.5
15,6962.5
0,6962.5
20,6962.6
29,6962.7
19,6962.7
5,6962.7
17,6962.9
18,6962.9
9,6962.9
8,6962.9
27,6963.1
23,6963.2
22,6963.2
28,6963.2
24,6963.3
6,6963.8
13,6968.5
1,6968.8
3,6968.8
4,6969.2
30,6969.3
16,6969.4
0,6969.5
19,6969.5
15,6969.5
20,6969.6
25,6969.6
11,6969.7
26,6969.8
5,6969.8
27,6970.4
18,6970.4
28,6970.6
17,6971.0
8,6971.5
29,6972.5
22,6972.5
9,6972.7
6,6972.8
24,6972.8
13,6973.4
3,6974.1
1,6974.7
30,6975.0
23,6975.1
19,6975.4
16,6975.4
4,6975.5
15,6975.7
0,6975.8
25,6975.9
20,6976.0
5,6976.2
11,6976.3
26,6976.4
18,6977.1
27,6977.2
13,6978.2
17,6978.5
8,6978.6
28,6978.6
3,6979.3
10,6980.0
1,6980.4
30,6980.9
19,6981.6
29,6981.6
16,6981.7
14,6982.1
25,6982.8
13,6982.9
15,6982.9
0,6982.9
4,6983.3
20,6983.8
5,6983.9
11,6984.0
26,6984.0
7,6984.2
3,6984.7
18,6985.1
1,6986.0
30,6987.2
27,6987.5
13,6987.7
8,6988.0
16,6988.9
17,6990.1
19,6990.2
3,6990.4
1,6992.2
13,6992.8
25,6994.3
30,6996.7
3,6996.9
13,6998.3
1,7001.5
13,7004.4
13,7012.9
1,7041.9
13,7042.0
4,7042.2
3,7042.2
11,7042.2
16,7042.4
25,7042.4
15,7042.5
30,7042.5
26,7042.5
0,7042.5
20,7042.6
19,7042.6
5,7042.7
29,7042.8
8,7042.9
17,7042.9
9,7043.0
18,7043.0
27,7043.1
28,7043.1
22,7043.2
24,7043.3
23,7043.4
6,7043.7
13,7048.5
3,7048.8
1,7048.9
4,7049.1
30,7049.2
19,7049.4
15,7049.4
0,7049.5
25,7049.5
16,7049.6
20,7049.6
11,7049.7
5,7049.8
26,7049.9
27,7050.4
8,7051.6
22,7052.4
29,7052.5
24,7052.6
6,7052.7
18,7052.7
9,7053.0
28,7053.0
17,7053.3
13,7053.4
3,7054.0
1,7054.7
30,7055.0
23,7055.1
19,7055.3
4,7055.4
15,7055.6
0,7055.8
25,7055.8
20,7055.9
16,7056.1
5,7056.4
11,7056.4
26,7056.5
27,7057.4
13,7058.1
10,7058.5
8,7058.8
3,7059.1
1,7060.3
30,7060.9
19,7061.5
29,7061.9
15,7062.3
18,7062.6
4,7062.6
13,7062.7
25,7062.7
16,7062.9
20,7063.0
0,7063.2
3,7064.4
17,7064.5
26,7064.5
11,7064.8
5,7065.1
1,7065.9
30,7067.3
13,7067.5
8,7068.2
3,7070.0
19,7070.4
27,7070.7
1,7071.9
13,7072.6
16,7072.7
25,7074.0
15,7074.2
20,7075.9
3,7076.2
30,7077.7
13,7078.1
1,7079.6
13,7084.1
3,7086.3
13,7092.2
1,7121.9
13,7122.0
3,7122.2
11,7122.2
4,7122.3
26,7122.4
25,7122.4
16,7122.4
15,7122.5
20,7122.5
0,7122.5
30,7122.5
19,7122.6
5,7122.7
8,7122.9
29,7122.9
17,7123.0
18,7123.0
9,7123.0
28,7123.1
27,7123.1
22,7123.1
23,7123.2
24,7123.3
6,7123.7
13,7128.5
3,7128.8
1,7128.9
4,7129.2
30,7129.2
0,7129.5
20,7129.5
15,7129.5
25,7129.5
19,7129.5
16,7129.6
11,7129.7
5,7129.8
26,7129.9
27,7130.4
8,7131.7
22,7132.2
29,7132.6
24,7132.6
9,7132.8
6,7132.9
18,7132.9
28,7133.4
13,7133.4
17,7133.5
3,7134.1
1,7134.7
30,7135.0
23,7135.3
19,7135.4
4,7135.6
0,7135.7
15,7135.7
25,7135.8
20,7135.8
16,7136.1
26,7136.5
11,7136.5
5,7136.5
27,7137.4
2,7137.8
13,7138.1
8,7139.0
3,7139.3
14,7140.2
1,7140.4
10,7140.5
30,7140.9
19,7141.7
29,7142.3
25,7142.6
13,7142.7
15,7142.9
20,7143.0
16,7143.0
0,7143.1
18,7143.2
4,7143.4
3,7144.6
26,7144.7
5,7145.1
11,7145.2
17,7145.2
1,7146.0
30,7147.3
13,7147.5
27,7149.2
8,7149.2
3,7150.2
19,7150.9
1,7152.1
13,7152.6
25,7153.4
16,7153.4
3,7156.5
13,7158.1
30,7158.7
1,7160.6
13,7164.1
3,7167.1
13,7172.0
1,7507.0
13,7507.2
3,7507.3
11,7507.4
5,7507.4
4,7507.4
22,7507.6
16,7507.6
25,7507.6
26,7507.6
20,7507.7
0,7507.7
30,7507.8
29,7507.9
19,7507.9
14,7508.0
8,7508.0
17,7508.1
15,7508.1
18,7508.1
9,7508.2
27,7508.2
24,7508.4
28,7508.4
23,7508.4
13,7513.7
3,7514.0
1,7514.0
5,7514.1
4,7514.4
19,7514.7
22,7514.7
0,7514.8
20,7514.8
25,7514.8
16,7514.9
26,7514.9
11,7515.0
30,7515.1
27,7515.5
8,7517.0
24,7518.0
29,7518.1
15,7518.6
9,7518.6
13,7518.6
18,7518.6
3,7519.3
17,7519.4
5,7519.8
28,7519.9
1,7519.9
14,7520.1
19,7520.7
23,7520.9
4,7520.9
0,7521.3
20,7521.4
26,7521.4
22,7521.6
25,7522.0
16,7522.2
27,7522.3
30,7522.8
10,7523.0
11,7523.0
13,7523.4
2,7524.1
8,7524.5
3,7524.6
12,7524.6
5,7525.6
1,7525.6
6,7525.9
31,7526.5
19,7527.2
29,7527.5
7,7527.9
13,7528.1
26,7528.9
4,7529.5
16,7529.7
25,7530.0
3,7530.1
18,7530.1
0,7530.2
20,7530.6
1,7531.3
5,7531.7
17,7532.2
11,7532.7
13,7533.0
22,7533.8
8,7533.8
27,7534.5
3,7535.9
1,7537.4
13,7538.3
19,7539.1
5,7539.2
16,7541.8
3,7542.8
13,7543.9
1,7546.0
13,7550.4
1,7586.8
13,7587.0
5,7587.1
11,7587.2
4,7587.2
3,7587.2
16,7587.4
22,7587.4
26,7587.4
25,7587.4
0,7587.5
20,7587.5
19,7587.6
30,7587.6
29,7587.7
14,7587.8
17,7587.9
9,7587.9
18,7587.9
8,7587.9
15,7588.0
27,7588.1
24,7588.2
28,7588.2
23,7588.3
13,7593.5
3,7593.8
1,7593.8
5,7593.8
4,7594.2
19,7594.4
22,7594.5
20,7594.5
25,7594.5
0,7594.5
16,7594.6
11,7594.7
30,7594.8
26,7594.8
27,7595.3
8,7596.8
29,7597.3
24,7597.4
9,7597.8
18,7597.9
17,7598.2
15,7598.2
13,7598.4
3,7599.1
28,7599.2
5,7599.4
1,7599.6
14,7599.9
19,7600.3
23,7600.4
4,7600.6
25,7600.8
20,7600.8
0,7600.8
16,7600.9
22,7601.2
26,7601.4
11,7601.4
30,7602.1
27,7602.2
13,7603.1
10,7603.6
8,7604.1
3,7604.2
5,7604.8
2,7605.1
1,7605.2
29,7605.9
19,7606.5
25,7607.5
13,7607.8
16,7607.8
0,7608.2
4,7608.5
20,7608.7
18,7609.2
11,7609.2
26,7609.3
3,7609.5
17,7609.8
5,7610.3
1,7610.8
22,7612.0
13,7612.6
27,7612.8
8,7614.2
19,7614.3
3,7615.1
30,7615.4
5,7616.2
1,7616.8
13,7617.7
25,7618.1
16,7618.4
3,7621.2
5,7623.0
13,7623.3
1,7624.4
13,7629.3
3,7630.5
13,7638.3
30,7650.3
18,7659.2
28,7659.3
16,7659.8
17,7659.8
1,7666.9
13,7667.0
5,7667.1
11,7667.2
4,7667.2
3,7667.2
22,7667.4
26,7667.4
25,7667.4
0,7667.5
19,7667.6
20,7667.6
29,7667.8
14,7667.8
8,7667.9
9,7668.0
15,7668.0
16,7668.0
30,7668.0
27,7668.1
23,7668.2
24,7668.3
18,7668.5
28,7668.5
17,7669.1
13,7673.5
3,7673.8
5,7673.9
1,7673.9
4,7674.2
22,7674.5
25,7674.5
19,7674.5
0,7674.5
11,7674.6
20,7674.6
16,7674.7
26,7674.8
30,7675.3
27,7675.4
8,7676.8
18,7677.1
28,7677.2
29,7677.3
24,7677.6
9,7677.7
13,7678.4
15,7678.4
17,7678.4
3,7679.1
5,7679.4
14,7679.4
1,7679.7
23,7680.2
19,7680.3
4,7680.6
0,7680.7
25,7680.8
20,7680.9
16,7680.9
22,7681.2
26,7681.4
11,7681.4
6,7681.7
27,7682.3
30,7682.4
10,7682.8
13,7683.1
2,7683.1
8,7684.0
3,7684.2
5,7684.8
18,7685.3
1,7685.4
29,7686.1
19,7686.5
16,7687.5
25,7687.6
13,7687.8
0,7688.1
20,7688.4
4,7688.6
26,7689.3
3,7689.5
17,7689.6
11,7689.8
5,7690.3
1,7691.0
22,7692.3
13,7692.5
8,7693.5
30,7694.2
27,7694.2
19,7694.8
3,7695.1
16,7696.0
5,7696.2
1,7697.0
13,7697.6
25,7698.6
3,7701.2
5,7703.0
13,7703.1
1,7705.0
13,7709.1
3,7709.8
13,7716.9
1,7746.9
13,7747.0
4,7747.2
3,7747.2
11,7747.2
5,7747.2
25,7747.4
26,7747.4
16,7747.4
22,7747.4
0,7747.5
20,7747.5
19,7747.6
30,7747.6
29,7747.8
14,7747.8
9,7747.9
8,7747.9
15,7748.0
17,7748.0
18,7748.0
27,7748.1
28,7748.1
24,7748.3
23,7748.3
13,7753.5
3,7753.8
5,7753.9
1,7753.9
4,7754.1
11,7754.5
22,7754.5
16,7754.5
0,7754.5
20,7754.5
25,7754.5
19,7754.5
30,7754.8
26,7754.9
27,7755.3
8,7756.8
29,7757.3
9,7757.6
24,7757.7
18,7758.0
15,7758.0
17,7758.2
13,7758.4
28,7758.7
3,7759.1
5,7759.5
1,7759.7
14,7759.8
23,7760.0
19,7760.3
4,7760.4
20,7760.8
25,7760.8
0,7760.8
16,7761.0
22,7761.1
11,7761.4
26,7761.5
30,7762.0
27,7762.2
13,7763.1
8,7764.2
3,7764.2
5,7765.0
1,7765.3
29,7766.4
19,7766.5
13,7767.7
25,7767.7
4,7767.7
16,7768.1
20,7768.5
0,7768.5
18,7769.0
11,7769.4
3,7769.5
17,7769.6
26,7769.8
5,7770.7
1,7770.9
22,7770.9
13,7772.5
27,7773.6
30,7774.2
19,7774.8
8,7774.9
3,7775.2
5,7776.8
1,7776.9
13,7777.5
25,7778.8
16,7779.3
3,7781.4
13,7782.9
1,7784.9
5,7785.4
13,7788.8
3,7792.0
13,7796.0
13,8132.2
3,8132.3
5,8132.3
4,8132.4
22,8132.4
1,8132.5
0,8132.6
26,8132.6
19,8132.7
20,8132.8
30,8132.8
29,8132.9
25,8133.0
18,8133.0
9,8133.1
11,8133.1
14,8133.1
17,8133.2
15,8133.2
27,8133.2
28,8133.3
24,8133.4
23,8133.4
10,8133.5
16,8133.8
12,8133.9
2,8134.0
13,8138.7
3,8138.9
5,8139.1
19,8139.2
0,8139.3
4,8139.4
22,8139.5
20,8139.9
26,8140.0
25,8140.0
30,8140.1
27,8140.5
1,8140.7
10,8141.5
24,8142.7
12,8142.8
2,8143.1
18,8143.1
9,8143.5
29,8143.5
13,8143.7
15,8143.8
28,8144.0
3,8144.2
19,8144.2
17,8144.3
5,8144.8
11,8144.8
0,8144.8
14,8145.4
23,8145.7
4,8145.9
22,8146.3
25,8146.4
26,8146.5
20,8146.5
16,8146.8
27,8147.6
1,8147.7
30,8147.8
13,8148.5
19,8149.1
3,8149.5
0,8150.5
5,8150.6
10,8151.7
7,8152.2
18,8152.9
13,8153.3
19,8153.8
26,8153.8
29,8153.9
25,8154.6
3,8154.8
4,8155.2
20,8155.6
24,8156.2
1,8156.4
0,8156.5
22,8156.7
5,8156.9
17,8157.4
13,8158.4
19,8158.8
27,8160.2
3,8160.6
13,8163.9
19,8164.1
0,8164.2
3,8167.1
5,8167.1
19,8169.8
13,8170.1
19,8176.5
13,8180.1
13,8212.0
5,8212.2
3,8212.2
1,8212.2
4,8212.3
0,8212.3
26,8212.3
22,8212.4
19,8212.5
20,8212.5
30,8212.6
18,8212.7
11,8212.8
29,8212.8
25,8212.8
14,8212.9
17,8212.9
15,8213.0
9,8213.0
28,8213.1
27,8213.1
24,8213.3
10,8213.3
23,8213.4
16,8213.5
12,8213.7
2,8213.8
13,8218.5
3,8218.8
5,8218.9
19,8219.0
0,8219.0
4,8219.2
20,8219.5
22,8219.5
26,8219.6
25,8219.8
30,8219.9
27,8220.3
1,8220.3
10,8221.2
12,8222.4
18,8222.5
29,8222.6
2,8222.6
24,8222.7
9,8223.0
15,8223.0
13,8223.4
17,8223.4
11,8223.7
19,8223.9
28,8224.0
3,8224.1
0,8224.4
5,8224.5
14,8224.9
23,8225.3
4,8225.6
20,8225.9
16,8225.9
25,8226.0
22,8226.1
26,8226.1
27,8226.9
30,8227.1
1,8227.4
31,8228.2
13,8228.2
19,8228.7
3,8229.2
8,8229.4
0,8229.9
5,8230.2
10,8230.8
29,8232.8
13,8232.9
18,8233.0
26,8233.3
19,8233.4
20,8233.6
25,8233.7
4,8233.9
3,8234.5
0,8235.6
22,8235.7
12,8236.0
17,8236.2
5,8236.3
1,8236.9
27,8237.0
28,8237.5
13,8237.8
19,8238.2
16,8239.8
3,8240.1
30,8240.6
18,8241.5
0,8241.8
13,8243.0
19,8243.3
5,8243.8
3,8246.3
13,8248.7
19,8248.9
28,8250.2
0,8251.7
19,8255.0
13,8255.1
3,8255.9
19,8264.5
30,8264.8
13,8267.7
13,8292.0
5,8292.1
3,8292.2
22,8292.3
1,8292.3
0,8292.3
4,8292.3
26,8292.4
19,8292.5
20,8292.5
30,8292.6
11,8292.7
25,8292.8
29,8292.8
14,8292.8
15,8293.0
17,8293.0
18,8293.0
23,8293.1
28,8293.1
9,8293.1
27,8293.1
24,8293.3
10,8293.3
16,8293.4
2,8293.6
12,8293.7
13,8298.5
3,8298.8
5,8298.8
19,8299.0
0,8299.0
4,8299.2
22,8299.4
20,8299.5
25,8299.7
26,8299.8
30,8299.8
27,8300.4
1,8300.4
10,8301.2
2,8302.1
12,8302.2
29,8302.4
24,8302.4
18,8302.8
11,8303.1
9,8303.1
15,8303.1
28,8303.2
13,8303.4
17,8303.5
19,8303.9
3,8304.1
5,8304.3
14,8304.4
0,8304.5
23,8304.7
16,8305.1
4,8305.6
20,8305.8
25,8305.9
22,8305.9
26,8306.4
30,8306.9
27,8307.3
1,8307.4
13,8308.1
19,8308.7
3,8309.2
0,8309.8
5,8309.9
10,8310.7
29,8311.9
13,8312.8
18,8313.2
25,8313.2
20,8313.2
19,8313.4
4,8313.4
26,8314.0
3,8314.5
22,8314.7
2,8315.0
0,8315.3
5,8315.6
17,8315.8
1,8316.8
13,8317.7
19,8318.2
30,8318.9
27,8319.5
3,8320.1
0,8321.3
5,8321.9
13,8322.8
19,8323.3
3,8326.2
0,8328.4
13,8328.5
19,8328.9
5,8331.7
13,8334.8
19,8335.0
3,8335.0
19,8343.6
13,8346.9
13,8372.0
5,8372.2
3,8372.2
1,8372.3
4,8372.3
26,8372.4
0,8372.4
22,8372.4
19,8372.5
30,8372.6
20,8372.6
25,8372.8
29,8372.8
17,8372.9
9,8372.9
14,8372.9
11,8372.9
18,8373.0
27,8373.1
15,8373.1
28,8373.1
24,8373.3
23,8373.3
10,8373.3
16,8373.5
2,8373.7
12,8373.7
13,8378.5
3,8378.8
5,8378.9
19,8379.0
0,8379.1
4,8379.2
22,8379.5
20,8379.6
25,8379.7
26,8379.8
30,8379.8
1,8380.3
27,8380.4
10,8381.2
2,8382.2
12,8382.3
24,8382.6
9,8382.7
29,8382.8
18,8383.0
13,8383.4
17,8383.5
15,8383.6
11,8383.7
28,8383.7
19,8383.9
3,8384.1
0,8384.5
5,8384.5
14,8384.8
23,8385.1
4,8385.6
16,8385.9
20,8386.0
25,8386.0
22,8386.1
26,8386.4
30,8387.0
1,8387.3
27,8387.3
13,8388.1
19,8388.7
3,8389.3
0,8389.9
5,8390.2
10,8391.0
29,8392.8
13,8392.8
25,8393.4
19,8393.5
18,8393.7
4,8393.8
20,8394.0
26,8394.1
3,8394.6
0,8395.5
2,8395.6
12,8395.8
5,8396.2
22,8396.3
17,8396.4
1,8396.4
13,8397.7
19,8398.3
30,8398.4
27,8399.7
3,8400.2
0,8401.5
13,8402.9
5,8403.4
19,8403.6
3,8406.4
13,8408.5
0,8409.1
19,8409.3
13,8414.7
19,8415.8
3,8417.5
13,8425.5
13,8757.0
3,8757.3
5,8757.3
4,8757.4
22,8757.5
0,8757.5
11,8757.6
20,8757.7
19,8757.7
28,8757.7
30,8757.8
15,8758.0
25,8758.0
14,8758.1
2,8758.1
9,8758.2
27,8758.3
26,8758.3
23,8758.4
24,8758.4
10,8758.5
16,8758.8
12,8758.9
13,8763.4
3,8763.9
5,8764.1
19,8764.2
0,8764.2
4,8764.4
20,8764.7
22,8764.7
11,8764.8
28,8765.0
25,8765.0
30,8765.2
2,8765.3
27,8765.6
10,8766.6
12,8767.9
24,8768.0
15,8768.2
13,8768.2
9,8768.6
19,8769.3
3,8769.3
5,8769.8
0,8769.8
23,8770.5
4,8770.9
14,8770.9
26,8771.2
20,8771.3
22,8771.4
25,8771.4
11,8771.5
2,8771.9
28,8772.3
27,8772.6
13,8772.8
30,8772.9
17,8773.1
31,8773.3
19,8774.1
3,8774.6
16,8775.3
0,8775.4
5,8775.7
10,8776.6
13,8777.2
19,8779.0
25,8779.6
4,8779.7
3,8780.1
2,8781.1
0,8781.3
20,8781.4
13,8781.7
5,8782.0
11,8782.0
22,8782.5
19,8784.2
27,8785.5
3,8786.1
13,8786.3
0,8788.4
19,8789.8
13,8791.2
5,8792.3
3,8793.6
19,8796.0
13,8796.5
13,8802.4
19,8808.2
13,8809.8
13,8836.9
5,8837.2
3,8837.2
4,8837.3
0,8837.4
22,8837.4
19,8837.5
11,8837.5
28,8837.6
20,8837.6
30,8837.6
25,8837.8
14,8837.8
9,8837.9
15,8838.0
2,8838.0
27,8838.1
23,8838.3
24,8838.3
10,8838.3
26,8838.4
16,8838.5
12,8838.7
13,8843.3
3,8843.8
5,8843.9
19,8844.0
0,8844.1
4,8844.3
22,8844.5
11,8844.5
20,8844.6
25,8844.7
28,8844.9
30,8845.0
2,8845.1
27,8845.3
10,8846.2
12,8847.4
9,8847.8
24,8847.8
13,8848.0
15,8848.1
19,8848.9
3,8849.1
5,8849.5
0,8849.5
23,8850.0
14,8850.3
4,8850.6
16,8850.6
25,8850.9
11,8851.1
20,8851.1
22,8851.2
26,8851.6
2,8851.7
28,8852.1
27,8852.2
30,8852.5
13,8852.7
31,8853.6
19,8853.7
3,8854.3
0,8855.0
5,8855.2
17,8855.3
10,8855.5
13,8857.0
25,8858.0
19,8858.5
4,8859.1
20,8859.4
11,8859.6
3,8859.7
0,8860.6
5,8861.1
2,8861.3
22,8861.4
13,8861.4
19,8863.4
27,8864.1
3,8865.4
13,8865.9
0,8866.9
5,8868.3
19,8868.8
13,8870.6
3,8871.9
25,8872.0
19,8874.5
13,8875.8
0,8877.6
19,8881.2
13,8881.4
3,8885.6
13,8887.7
13,8898.7
13,8917.0
5,8917.2
3,8917.2
4,8917.3
22,8917.3
11,8917.4
0,8917.4
28,8917.5
20,8917.5
19,8917.5
30,8917.6
25,8917.8
14,8917.9
2,8917.9
15,8917.9
9,8918.0
23,8918.1
27,8918.1
10,8918.2
24,8918.4
26,8918.4
16,8918.5
12,8918.8
13,8923.4
3,8923.8
5,8923.9
19,8924.0
0,8924.1
4,8924.3
22,8924.4
11,8924.5
20,8924.5
25,8924.7
28,8924.8
30,8924.9
2,8925.0
27,8925.4
10,8926.0
12,8927.5
15,8927.7
24,8927.8
9,8927.9
13,8928.1
19,8928.9
3,8929.0
5,8929.5
0,8929.6
23,8929.7
14,8929.9
4,8930.7
20,8930.9
25,8930.9
22,8930.9
16,8930.9
11,8931.1
2,8931.5
26,8931.7
30,8932.0
28,8932.1
27,8932.4
13,8932.7
19,8933.7
3,8934.2
10,8934.5
0,8935.1
5,8935.1
13,8937.1
25,8937.9
19,8938.5
20,8938.8
4,8939.3
3,8939.5
11,8939.8
22,8940.0
0,8940.8
5,8941.0
2,8941.1
13,8941.5
19,8943.4
27,8944.4
3,8945.2
28,8945.7
13,8946.1
0,8947.2
5,8947.9
19,8948.7
13,8950.9
3,8951.6
19,8954.4
13,8956.1
0,8960.3
19,8960.8
13,8961.7
3,8964.7
13,8968.0
19,8974.7
13,8979.2
13,8997.0
5,8997.2
3,8997.2
22,8997.3
4,8997.3
11,8997.4
0,8997.4
19,8997.5
28,8997.5
30,8997.6
20,8997.6
25,8997.8
2,8997.9
14,8998.0
15,8998.0
9,8998.0
27,8998.1
23,8998.1
24,8998.3
10,8998.3
26,8998.4
16,8998.5
12,8998.8
13,9003.4
3,9003.8
5,9003.9
19,9004.0
0,9004.1
4,9004.3
22,9004.4
11,9004.5
20,9004.6
25,9004.7
30,9004.8
28,9004.8
2,9005.0
27,9005.4
10,9006.2
12,9007.5
24,9007.6
9,9007.9
15,9007.9
13,9008.1
19,9008.9
3,9009.1
5,9009.5
0,9009.5
23,9009.9
14,9010.3
4,9010.7
25,9010.9
11,9011.0
20,9011.1
22,9011.1
16,9011.1
26,9011.5
2,9011.6
30,9012.0
28,9012.0
27,9012.3
13,9012.7
19,9013.7
3,9014.3
0,9014.9
5,9015.2
10,9015.3
13,9017.2
25,9018.0
19,9018.5
4,9019.3
3,9019.5
20,9019.6
11,9019.8
0,9020.5
22,9021.1
5,9021.2
13,9021.6
2,9021.8
19,9023.4
27,9024.2
3,9025.2
30,9025.4
13,9026.1
0,9026.6
5,9028.7
19,9028.8
13,9030.9
3,9031.5
19,9034.6
0,9035.5
13,9036.1
19,9041.4
13,9041.8
3,9043.8
13,9048.1
13,9060.3
18,9375.2
28,9375.4
17,9375.8
16,9375.8
13,9382.0
4,9382.4
22,9382.5
14,9382.5
0,9382.6
11,9382.6
15,9382.7
20,9382.7
19,9382.7
5,9382.7
30,9382.8
23,9382.8
3,9382.9
25,9383.0
2,9383.1
9,9383.2
27,9383.3
7,9383.4
24,9383.4
10,9383.6
12,9383.9
28,9384.1
16,9385.4
13,9388.4
19,9389.2
0,9389.3
4,9389.4
22,9389.7
20,9389.8
5,9389.8
11,9389.8
3,9389.9
25,9390.0
15,9390.0
30,9390.1
14,9390.2
2,9390.3
27,9390.6
23,9390.6
10,9391.6
12,9392.5
28,9392.5
24,9393.0
13,9393.2
9,9393.4
19,9394.2
0,9394.9
4,9395.8
3,9396.2
20,9396.3
25,9396.3
5,9396.4
17,9396.4
22,9396.6
11,9396.6
16,9397.0
2,9397.0
15,9397.4
30,9397.6
27,9397.7
13,9397.9
14,9398.5
19,9399.1
7,9399.2
31,9399.2
23,9399.8
8,9400.0
21,9400.1
0,9400.5
18,9400.6
10,9400.6
13,9402.2
29,9402.3
19,9403.9
25,9404.0
4,9404.0
3,9404.1
28,9405.7
20,9406.0
5,9406.3
0,9406.4
13,9406.6
11,9407.0
2,9407.3
19,9408.9
22,9409.7
27,9411.1
13,9411.1
0,9413.6
19,9414.3
13,9415.8
19,9420.2
13,9421.0
13,9426.7
19,9427.4
13,9433.0
13,9446.0
13,9462.0
4,9462.2
14,9462.3
5,9462.4
0,9462.4
22,9462.4
19,9462.5
15,9462.5
11,9462.5
20,9462.6
30,9462.6
23,9462.7
25,9462.8
3,9462.8
2,9463.0
9,9463.0
27,9463.1
7,9463.2
24,9463.3
28,9463.3
10,9463.3
16,9463.5
12,9463.6
13,9468.4
19,9469.0
0,9469.1
4,9469.2
5,9469.5
22,9469.5
11,9469.6
20,9469.6
25,9469.7
3,9469.7
15,9469.8
14,9469.8
30,9469.9
2,9470.1
27,9470.3
23,9470.3
10,9471.2
12,9472.3
24,9472.7
9,9473.0
13,9473.2
28,9473.3
19,9473.9
0,9474.6
4,9475.5
16,9475.7
5,9475.9
25,9475.9
3,9476.0
20,9476.1
11,9476.2
22,9476.3
2,9476.7
30,9476.9
15,9476.9
17,9477.1
27,9477.1
13,9477.9
14,9478.1
23,9478.5
19,9478.7
18,9479.7
0,9480.0
7,9480.4
10,9481.0
13,9482.2
25,9482.8
4,9482.9
19,9483.4
3,9483.6
5,9484.5
20,9484.9
11,9485.7
0,9485.7
2,9486.6
13,9486.6
19,9488.2
22,9488.2
27,9488.6
15,9489.7
30,9489.9
13,9491.0
0,9492.0
19,9493.2
13,9495.7
19,9498.7
13,9500.7
0,9504.3
19,9504.6
13,9506.2
19,9511.9
13,9512.2
13,9520.0
13,9541.8
4,9542.3
14,9542.3
22,9542.3
0,9542.4
11,9542.4
5,9542.4
15,9542.5
19,9542.5
30,9542.6
20,9542.6
23,9542.6
25,9542.7
3,9542.8
2,9542.9
9,9543.0
27,9543.1
28,9543.2
7,9543.2
10,9543.3
24,9543.3
16,9543.4
12,9543.7
13,9548.1
19,9549.0
0,9549.1
4,9549.2
22,9549.4
5,9549.5
11,9549.5
20,9549.6
25,9549.7
3,9549.7
15,9549.7
14,9549.8
30,9549.9
2,9550.0
23,9550.2
27,9550.4
10,9551.2
12,9552.3
24,9552.7
28,9552.8
9,9552.8
13,9552.9
19,9553.9
0,9554.6
16,9555.2
4,9555.6
25,9555.8
3,9556.0
11,9556.0
22,9556.1
20,9556.1
5,9556.1
7,9556.5
15,9556.6
2,9556.6
30,9557.0
27,9557.4
14,9558.1
17,9558.5
23,9558.7
19,9558.7
0,9560.1
10,9560.7
25,9562.9
19,9563.4
4,9563.4
3,9563.9
20,9564.4
11,9564.7
5,9565.3
0,9565.8
13,9566.2
22,9566.7
2,9567.0
19,9568.2
15,9568.4
30,9570.2
13,9570.4
27,9571.0
0,9572.3
19,9573.3
13,9574.8
19,9578.8
13,9579.5
13,9584.5
19,9584.8
13,9589.9
19,9592.0
13,9595.8
13,9602.8
13,9621.8
14,9622.3
4,9622.3
22,9622.4
5,9622.4
0,9622.4
11,9622.4
15,9622.5
19,9622.5
20,9622.6
30,9622.6
23,9622.7
25,9622.8
3,9622.8
2,9622.9
9,9623.0
27,9623.1
7,9623.2
28,9623.2
10,9623.3
24,9623.3
16,9623.5
12,9623.7
13,9628.1
19,9629.0
0,9629.1
4,9629.2
22,9629.5
11,9629.5
20,9629.6
5,9629.6
3,9629.7
15,9629.7
25,9629.7
14,9629.8
30,9629.9
2,9630.0
23,9630.3
27,9630.3
10,9631.2
12,9632.4
24,9632.6
9,9632.8
13,9632.9
28,9633.4
19,9633.9
0,9634.6
16,9635.3
4,9635.6
25,9635.9
11,9636.0
20,9636.0
3,9636.1
5,9636.1
22,9636.3
15,9636.8
2,9636.8
30,9637.2
27,9637.4
14,9637.7
23,9638.1
17,9638.5
19,9638.7
0,9640.0
10,9641.0
7,9641.3
13,9642.1
25,9643.2
19,9643.4
4,9643.8
20,9644.2
3,9644.2
11,9644.9
5,9645.4
0,9645.7
13,9646.2
2,9646.6
22,9647.3
19,9648.2
15,9649.3
27,9650.0
13,9650.5
0,9651.9
19,9653.4
13,9655.0
19,9659.0
13,9659.8
0,9663.0
13,9665.1
19,9665.2
13,9670.7
19,9674.9
13,9677.1
13,9688.2
