11,99.3
19,101.0
10,101.4
18,101.5
9,101.6
3,102.1
12,102.4
2,102.5
17,102.5
1,102.6
25,102.6
20,102.8
8,102.8
27,102.8
26,103.5
4,104.0
16,106.5
21,109.0
19,177.0
10,177.0
11,177.1
9,177.7
17,177.8
8,178.3
25,178.5
12,178.9
18,179.1
3,179.2
2,179.5
26,179.7
1,180.3
4,180.6
27,181.3
20,181.5
16,181.9
28,181.9
0,182.1
22,182.2
21,183.7
30,185.5
29,186.2
14,186.8
11,203.5
18,204.7
19,205.1
9,212.7
10,214.3
12,214.4
1,222.4
8,229.1
25,231.0
18,237.5
11,238.3
19,240.5
4,257.3
3,257.6
11,257.7
10,257.8
2,258.3
26,258.6
17,258.6
12,258.7
27,259.4
9,259.5
18,259.6
5,260.0
19,260.2
16,260.4
21,260.4
20,260.4
1,260.9
8,261.0
25,261.2
28,262.1
22,262.7
0,262.7
13,263.7
6,264.0
24,264.3
29,265.0
30,266.5
31,271.9
11,292.3
18,301.2
4,305.8
10,305.8
12,307.1
9,310.7
19,312.2
8,313.9
2,322.7
20,334.3
11,336.0
22,342.2
26,347.0
18,353.4
9,357.7
19,369.4
17,378.9
11,390.9
10,391.0
12,393.2
2,394.1
18,395.6
3,409.0
25,424.4
9,432.9
19,434.9
28,451.4
10,476.5
11,478.0
18,479.0
12,479.5
21,480.5
4,485.9
13,512.4
22,514.0
20,515.1
11,517.9
3,525.3
1,535.0
9,552.9
12,555.3
4,556.5
12,630.9
19,642.3
11,642.5
10,642.8
20,642.9
3,643.6
8,643.6
2,643.8
27,643.8
18,643.8
28,643.9
9,644.4
26,644.5
17,644.7
1,645.0
25,645.0
16,645.3
22,645.7
4,645.7
21,646.5
0,646.9
15,647.5
13,648.5
12,648.6
14,649.1
29,649.2
6,649.3
24,650.1
30,651.3
23,656.3
10,676.1
11,676.3
19,676.8
18,678.9
3,687.7
9,688.1
12,691.2
5,691.6
8,705.2
10,719.9
11,721.6
19,722.5
18,722.7
25,723.2
17,723.6
20,723.8
27,723.9
26,724.1
9,724.2
1,724.5
4,724.5
2,724.5
3,724.6
16,724.8
28,724.8
12,725.0
21,725.4
22,726.0
8,726.2
0,727.1
6,727.6
14,727.7
29,728.4
15,729.0
30,729.3
5,731.2
17,749.3
18,749.3
10,749.5
26,750.7
11,751.3
25,753.4
19,755.4
9,756.2
2,758.1
12,762.6
1,765.8
27,766.3
4,768.6
3,773.8
20,776.3
21,782.4
18,782.6
28,784.1
11,790.6
16,791.5
10,791.5
17,796.1
29,796.2
25,796.7
26,797.8
9,801.8
19,802.0
12,802.8
14,803.4
11,804.0
8,804.3
18,804.3
27,804.5
2,804.9
1,805.4
10,805.7
3,805.7
22,805.9
4,806.1
30,806.2
7,806.7
6,807.3
24,807.6
5,807.6
20,807.7
0,807.8
13,808.0
28,808.1
21,810.5
16,813.0
19,838.0
9,838.8
12,839.9
17,842.2
11,843.3
10,844.1
4,845.2
18,845.6
3,846.0
26,847.2
8,848.8
14,853.7
25,855.6
2,858.1
27,862.2
13,865.5
19,871.8
22,880.9
11,882.0
12,882.2
10,882.5
20,882.8
9,882.9
18,883.0
28,883.1
3,883.6
17,884.3
16,884.7
1,884.9
26,885.1
8,885.3
4,885.4
2,885.5
5,885.6
19,885.8
25,885.8
21,886.1
27,887.7
6,888.0
29,889.4
24,889.5
0,889.5
14,891.0
15,891.3
30,891.5
9,916.1
11,916.5
10,919.5
3,919.6
18,921.5
12,924.1
1,926.6
17,928.6
8,929.4
20,929.9
26,931.5
2,932.2
21,932.7
16,936.5
4,938.1
19,940.0
18,954.3
11,954.8
10,955.1
9,958.9
27,959.0
3,966.5
25,968.9
12,969.3
17,971.1
1,974.3
8,983.9
29,984.3
19,989.2
18,999.5
20,1006.8
11,1013.0
9,1019.2
3,1024.6
14,1028.4
25,1032.6
18,1043.8
2,1059.3
11,1085.2
18,1103.4
19,1111.1
10,1112.4
11,1132.7
16,1134.3
3,1134.4
1,1145.1
20,1146.4
21,1161.2
17,1164.1
18,1165.2
10,1178.6
19,1190.7
15,1197.6
21,1230.8
18,1239.0
3,1252.6
19,1267.5
10,1268.0
11,1268.1
8,1268.3
9,1268.6
20,1269.0
17,1269.1
26,1269.3
27,1269.3
25,1269.3
1,1269.6
16,1270.5
18,1270.5
28,1270.5
2,1270.6
22,1270.8
4,1271.2
12,1271.3
14,1272.2
5,1272.3
3,1272.7
30,1273.0
7,1273.2
23,1273.3
6,1273.4
15,1273.6
21,1273.7
29,1273.7
24,1274.6
13,1275.0
19,1297.9
9,1302.5
18,1303.3
17,1306.4
10,1310.2
11,1316.4
26,1324.6
12,1325.4
19,1346.2
18,1347.3
11,1347.5
8,1347.9
10,1348.0
20,1348.2
25,1348.3
3,1348.3
9,1348.4
27,1348.5
2,1348.5
16,1348.7
1,1348.7
17,1349.0
0,1349.5
4,1349.8
21,1350.2
12,1350.4
13,1350.7
28,1350.8
26,1351.2
22,1351.3
14,1351.8
5,1352.0
30,1352.6
6,1353.2
15,1353.5
29,1353.9
18,1370.7
11,1372.4
25,1375.2
19,1376.2
23,1377.3
9,1384.2
10,1386.8
17,1387.5
1,1391.1
12,1393.4
8,1395.1
2,1395.1
4,1396.0
20,1396.9
3,1397.2
14,1397.7
21,1400.0
18,1400.9
27,1404.2
19,1408.3
11,1418.8
13,1421.3
22,1426.1
10,1427.3
9,1427.5
18,1428.2
12,1428.2
26,1428.5
25,1428.5
16,1429.0
28,1429.0
3,1429.2
17,1429.5
19,1429.5
2,1429.7
8,1430.0
1,1430.2
0,1430.6
4,1430.8
20,1431.3
11,1431.3
21,1431.7
27,1432.3
5,1432.6
6,1432.9
29,1433.5
24,1434.1
14,1434.2
30,1434.7
31,1440.8
18,1456.5
12,1458.3
19,1462.3
10,1463.1
3,1468.1
11,1469.7
9,1471.2
26,1473.6
17,1475.5
25,1477.0
4,1477.8
1,1478.2
21,1479.4
8,1481.9
2,1487.0
28,1495.4
18,1498.1
10,1500.5
27,1501.6
19,1505.6
11,1507.0
12,1507.4
3,1508.9
9,1509.1
16,1509.6
17,1509.8
20,1509.9
22,1510.5
25,1510.6
8,1510.6
26,1510.7
5,1510.7
1,1511.0
4,1511.3
18,1511.3
2,1511.4
0,1512.0
13,1513.0
21,1514.0
15,1514.2
29,1514.3
14,1514.3
6,1514.4
30,1515.0
10,1529.3
11,1535.1
19,1543.0
12,1543.0
17,1552.8
18,1554.0
9,1554.8
8,1560.5
2,1565.8
26,1566.7
1,1567.7
11,1574.4
10,1578.5
3,1579.1
19,1586.7
17,1588.5
18,1591.8
9,1598.3
12,1598.6
14,1602.3
13,1612.7
11,1618.4
10,1627.6
20,1629.4
4,1631.3
2,1633.3
1,1633.8
18,1634.7
19,1639.6
26,1641.5
27,1644.4
17,1644.4
21,1674.4
14,1681.3
11,1681.9
12,1682.3
22,1685.5
1,1718.5
2,1725.5
11,1738.4
13,1750.5
14,1753.7
19,1754.4
12,1776.7
17,1786.4
11,1806.0
9,1812.3
20,1843.8
19,1874.3
14,1876.3
13,1883.5
11,1892.2
10,1892.9
17,1893.2
12,1893.5
2,1894.2
8,1894.4
9,1894.4
18,1894.6
4,1894.7
1,1894.8
16,1894.9
25,1895.1
3,1895.3
26,1895.7
19,1895.8
20,1895.8
22,1896.3
5,1896.8
21,1897.3
27,1898.3
28,1898.3
30,1898.9
6,1899.6
29,1900.3
0,1900.5
24,1901.2
23,1902.4
15,1906.0
14,1908.2
11,1918.6
18,1922.7
10,1932.5
12,1933.5
9,1937.5
17,1937.8
4,1938.8
19,1944.0
8,1944.0
2,1945.8
1,1946.1
3,1948.6
14,1958.3
11,1958.6
18,1964.9
26,1971.7
10,1972.2
12,1972.7
19,1972.9
11,1973.3
25,1973.7
9,1973.9
8,1974.2
17,1974.4
13,1974.4
27,1974.7
16,1974.7
20,1974.8
2,1975.6
4,1975.8
22,1975.8
21,1975.9
1,1976.0
3,1976.0
5,1976.2
28,1976.8
6,1977.0
0,1977.3
30,1977.8
18,1977.9
29,1980.5
23,1984.0
9,2004.0
12,2005.3
22,2007.5
21,2009.4
2,2011.9
10,2012.1
1,2013.0
19,2015.0
11,2015.1
3,2019.3
4,2020.8
17,2022.2
18,2022.4
25,2029.3
16,2031.0
8,2031.1
20,2036.4
30,2036.4
12,2037.4
11,2039.8
26,2040.6
2,2050.6
9,2051.5
10,2051.6
19,2052.6
22,2053.1
18,2053.4
27,2053.4
11,2053.9
28,2054.2
3,2054.3
17,2054.4
1,2054.9
4,2054.9
21,2055.3
8,2055.7
25,2056.1
12,2056.1
13,2056.4
5,2056.6
14,2057.0
0,2057.5
16,2057.8
26,2058.4
6,2059.2
7,2060.3
20,2061.3
30,2062.6
29,2063.6
19,2081.0
18,2081.6
9,2081.9
10,2082.0
11,2086.3
3,2088.5
21,2088.9
12,2097.1
14,2099.7
2,2099.7
22,2100.2
4,2102.2
1,2103.7
17,2108.5
8,2111.0
19,2115.1
25,2115.3
16,2117.0
18,2120.5
9,2125.5
26,2126.8
10,2129.5
11,2130.3
29,2131.0
12,2132.4
30,2132.9
3,2133.1
27,2133.3
19,2133.4
5,2133.8
25,2134.1
20,2134.3
18,2134.5
8,2134.5
17,2134.7
21,2135.1
2,2135.1
1,2135.3
4,2135.6
0,2135.7
28,2135.8
15,2136.0
13,2136.1
14,2137.3
6,2137.3
22,2138.0
7,2138.5
16,2139.2
9,2139.7
24,2139.7
11,2167.2
12,2167.5
10,2176.5
3,2177.7
18,2178.5
9,2181.3
2,2182.4
17,2183.0
19,2184.4
4,2185.9
8,2186.5
1,2187.5
25,2194.8
16,2196.4
13,2196.9
21,2197.7
26,2198.4
27,2198.9
12,2216.0
11,2217.1
18,2224.4
10,2225.9
29,2228.7
9,2230.3
14,2233.0
17,2235.7
1,2245.0
19,2246.0
8,2250.8
22,2258.3
18,2282.4
12,2283.0
11,2285.2
10,2285.4
21,2303.1
9,2323.6
20,2330.2
3,2331.4
10,2338.4
22,2339.2
18,2372.2
10,2375.7
11,2378.0
14,2381.1
12,2386.0
19,2407.7
3,2407.8
2,2408.8
22,2410.7
8,2427.3
10,2439.9
18,2450.3
9,2486.7
17,2514.6
19,2514.9
11,2517.6
10,2518.0
8,2518.2
18,2518.4
3,2518.9
25,2518.9
16,2519.5
1,2519.6
20,2519.9
2,2520.2
9,2520.2
28,2520.4
26,2520.8
0,2520.9
4,2521.0
12,2521.2
22,2521.2
27,2521.4
21,2521.5
5,2522.5
29,2522.6
6,2522.6
14,2524.1
30,2524.9
15,2526.3
23,2526.8
7,2529.0
13,2543.9
19,2544.2
18,2546.0
11,2548.5
12,2556.4
3,2556.7
10,2559.2
14,2562.4
22,2563.2
30,2564.1
9,2573.8
21,2576.1
20,2584.0
13,2590.0
18,2591.2
28,2592.1
19,2593.0
2,2593.1
11,2594.1
8,2595.3
1,2596.0
12,2596.1
25,2596.7
10,2596.9
17,2597.2
16,2597.7
0,2598.3
26,2598.8
9,2598.9
3,2599.3
4,2599.6
27,2599.9
22,2600.1
5,2601.6
14,2602.0
15,2602.2
29,2603.4
6,2604.1
23,2604.1
30,2604.5
21,2604.9
24,2605.5
18,2605.8
20,2606.4
31,2608.4
11,2618.6
13,2621.1
2,2624.2
19,2627.5
12,2628.2
10,2631.9
3,2633.2
18,2638.3
8,2642.5
17,2644.8
16,2645.4
4,2646.5
25,2646.9
1,2648.2
14,2649.6
9,2653.0
22,2653.8
11,2655.4
2,2673.3
19,2675.1
18,2677.2
10,2677.3
27,2677.4
11,2677.9
12,2678.0
26,2679.1
3,2679.4
17,2679.6
20,2680.0
9,2680.2
8,2680.3
25,2680.5
28,2680.6
1,2680.9
4,2680.9
13,2681.2
16,2681.2
5,2681.5
0,2681.5
7,2682.9
14,2683.0
15,2683.2
6,2683.3
21,2683.7
29,2683.8
22,2683.8
30,2684.2
31,2688.8
11,2701.3
2,2708.3
10,2712.0
19,2712.7
12,2715.8
18,2717.3
3,2723.7
22,2728.8
14,2730.4
4,2735.0
21,2735.2
9,2738.1
20,2738.1
17,2738.7
13,2741.4
8,2743.0
11,2746.4
1,2747.7
12,2751.4
10,2756.8
18,2757.5
19,2757.8
2,2758.3
25,2758.8
16,2758.8
3,2759.3
11,2759.4
26,2759.6
27,2759.7
9,2760.9
17,2761.3
4,2762.3
8,2762.3
28,2762.5
20,2762.6
0,2762.7
22,2763.0
29,2763.0
24,2763.3
15,2763.4
1,2764.0
21,2764.1
6,2764.1
30,2764.2
14,2766.0
5,2766.1
12,2767.5
23,2767.9
18,2789.6
19,2792.7
11,2795.6
26,2797.2
10,2802.2
3,2809.0
17,2812.3
12,2812.5
9,2813.7
14,2813.9
22,2817.1
27,2825.8
19,2833.6
18,2835.3
28,2837.5
11,2842.2
21,2845.9
20,2853.4
12,2856.0
4,2857.5
14,2870.2
22,2872.0
3,2875.9
19,2876.2
9,2879.4
17,2880.2
25,2881.4
18,2882.3
11,2889.4
10,2891.2
20,2930.2
18,2945.5
22,2945.8
17,2946.9
28,2965.3
11,2974.4
29,3006.9
21,3007.6
10,3022.7
14,3037.3
30,3039.8
22,3048.5
19,3050.1
15,3073.8
12,3083.8
14,3098.3
17,3137.7
11,3142.4
10,3142.5
12,3143.5
18,3143.6
19,3143.9
2,3144.0
9,3144.5
3,3144.5
16,3144.7
25,3144.8
4,3144.9
20,3145.0
26,3145.1
27,3145.3
21,3145.3
1,3145.3
5,3145.4
8,3145.7
28,3145.8
22,3146.1
0,3146.2
13,3147.2
6,3148.5
29,3148.8
24,3149.2
30,3149.3
14,3149.8
7,3149.9
31,3155.8
11,3171.7
18,3173.6
10,3177.5
17,3177.7
1,3177.8
9,3178.2
8,3178.3
12,3178.7
19,3185.5
16,3200.8
14,3203.1
18,3214.5
29,3216.6
11,3221.8
9,3222.1
3,3222.1
10,3222.3
19,3222.5
25,3222.7
20,3223.1
8,3223.6
2,3223.7
12,3223.7
27,3223.9
17,3224.2
1,3224.3
21,3224.5
26,3224.5
4,3224.9
13,3225.1
22,3225.2
0,3225.2
28,3226.1
18,3226.7
16,3227.2
15,3227.5
5,3228.0
30,3228.2
6,3228.6
14,3233.2
31,3233.9
11,3249.9
25,3250.3
17,3252.0
19,3253.2
18,3261.0
1,3261.7
10,3262.7
9,3263.1
12,3263.7
2,3267.0
26,3270.3
13,3272.0
22,3273.6
8,3275.3
21,3275.5
20,3280.3
30,3292.9
11,3301.2
17,3301.3
19,3302.6
10,3302.6
25,3302.8
18,3302.9
4,3303.2
12,3303.8
9,3304.0
3,3304.1
27,3304.4
1,3304.6
2,3305.0
26,3305.3
8,3305.5
5,3305.7
16,3306.2
0,3306.3
24,3306.9
28,3307.1
20,3308.8
21,3309.2
22,3309.7
6,3309.9
29,3310.0
13,3310.7
14,3311.3
23,3311.9
31,3318.6
18,3329.6
9,3333.5
12,3340.5
10,3341.4
19,3343.9
11,3344.5
3,3347.4
27,3347.8
2,3347.8
17,3348.5
26,3354.1
18,3356.4
1,3359.4
25,3362.0
22,3371.4
9,3374.0
14,3374.8
10,3381.6
11,3382.0
19,3382.6
12,3382.8
18,3383.3
8,3383.9
20,3384.5
16,3384.8
17,3384.9
4,3385.0
2,3385.1
3,3385.5
1,3385.8
26,3385.8
0,3385.9
9,3386.0
27,3386.1
25,3386.1
6,3387.8
24,3388.4
28,3389.1
21,3389.3
5,3390.3
30,3390.6
7,3391.6
29,3392.3
23,3397.0
22,3405.9
10,3409.8
11,3411.9
19,3417.4
18,3417.7
12,3424.6
8,3429.3
9,3432.6
17,3440.5
2,3440.9
1,3441.7
3,3447.1
16,3447.9
10,3450.3
25,3450.6
26,3452.3
11,3456.1
19,3458.4
18,3459.7
21,3463.7
28,3466.2
30,3468.7
13,3472.2
12,3478.6
9,3488.7
2,3493.8
11,3499.3
10,3499.8
19,3503.3
18,3509.8
1,3513.9
3,3514.7
25,3552.2
11,3556.4
18,3564.1
17,3575.1
19,3575.5
11,3604.1
3,3605.5
17,3628.4
18,3639.6
14,3660.2
5,3668.4
11,3668.6
9,3676.9
10,3679.6
18,3698.8
12,3744.5
2,3747.6
11,3766.1
19,3766.1
3,3766.5
10,3767.0
4,3767.4
18,3767.6
8,3767.6
12,3767.8
20,3767.8
5,3768.4
28,3768.6
25,3768.7
27,3768.8
16,3769.0
9,3769.0
13,3769.2
26,3769.4
22,3769.5
2,3769.7
1,3769.8
17,3770.3
21,3770.3
14,3770.8
31,3770.9
29,3771.1
15,3771.2
23,3771.9
6,3772.0
0,3773.3
30,3773.5
7,3773.6
11,3793.5
19,3797.8
10,3797.9
3,3801.6
18,3803.1
21,3809.2
20,3809.4
12,3810.0
4,3811.3
2,3811.4
9,3813.2
14,3824.7
16,3826.5
11,3837.7
19,3841.1
12,3844.8
10,3846.6
3,3846.7
8,3846.8
18,3847.5
2,3847.6
17,3847.8
27,3847.9
11,3848.1
4,3848.2
25,3848.3
20,3848.3
28,3848.5
9,3848.6
26,3849.0
13,3849.0
21,3849.1
1,3849.4
22,3849.7
5,3849.7
29,3850.1
0,3850.3
31,3850.6
15,3851.5
14,3851.7
30,3851.7
24,3851.9
23,3852.0
16,3853.1
6,3853.3
19,3876.6
18,3877.9
12,3890.7
20,3892.9
10,3892.9
9,3893.5
2,3895.9
21,3896.2
8,3896.6
17,3898.5
14,3901.3
3,3903.2
11,3904.9
23,3916.0
13,3921.7
22,3924.3
18,3926.2
12,3926.7
19,3927.1
11,3927.4
10,3927.4
21,3928.0
16,3928.3
1,3928.3
9,3928.3
20,3928.4
28,3928.6
27,3928.7
25,3928.7
4,3928.9
26,3929.0
3,3929.0
8,3929.0
2,3929.7
0,3929.9
30,3930.5
17,3930.6
14,3931.8
5,3931.9
31,3931.9
15,3932.6
29,3932.6
6,3933.4
24,3937.0
18,3959.9
12,3960.3
19,3961.0
9,3970.7
11,3973.4
10,3973.9
27,3976.4
21,3976.8
13,3978.4
20,3980.1
17,3982.1
3,3982.8
2,3985.0
26,3985.1
25,3988.1
8,3988.5
16,3990.5
14,3990.9
29,3991.9
18,3993.3
19,3997.1
12,4006.6
11,4007.1
10,4007.6
4,4008.1
28,4008.6
5,4008.6
20,4009.1
3,4009.3
22,4010.0
9,4010.0
0,4010.3
1,4010.3
21,4010.3
18,4010.3
27,4010.4
2,4010.4
19,4010.6
30,4011.0
17,4011.0
8,4011.1
15,4011.8
31,4011.8
13,4011.9
14,4012.0
23,4012.4
26,4013.2
6,4013.3
25,4013.7
16,4013.9
29,4016.0
11,4033.5
12,4038.1
10,4046.9
14,4048.2
18,4051.5
4,4052.1
21,4053.4
19,4053.5
9,4054.9
13,4055.1
22,4055.8
20,4057.8
17,4057.9
25,4057.9
28,4058.7
26,4060.7
27,4061.6
11,4071.1
12,4073.7
2,4074.8
1,4075.5
10,4079.7
16,4091.7
18,4094.0
14,4100.1
19,4100.8
4,4104.9
22,4105.9
11,4106.2
3,4106.2
29,4106.7
13,4106.9
12,4107.7
30,4109.8
20,4109.8
27,4110.4
10,4130.0
19,4138.9
9,4139.3
18,4139.3
11,4148.5
14,4154.0
31,4161.2
12,4166.7
22,4176.9
20,4180.6
19,4183.1
21,4185.5
13,4186.3
10,4187.3
18,4189.6
25,4192.0
9,4193.7
11,4196.5
17,4203.1
14,4204.6
22,4221.6
12,4222.1
28,4224.0
21,4229.2
19,4238.5
10,4244.1
26,4266.3
14,4271.0
9,4271.7
27,4306.4
18,4307.8
10,4310.9
19,4311.5
10,4373.1
11,4390.8
4,4392.1
12,4392.6
19,4392.6
20,4392.9
3,4392.9
5,4393.1
18,4393.2
29,4393.3
28,4393.4
21,4393.6
22,4393.6
27,4393.9
13,4393.9
14,4393.9
10,4394.0
15,4394.1
9,4394.3
30,4394.4
2,4395.1
17,4395.1
25,4395.4
8,4395.6
31,4395.7
7,4395.8
23,4396.0
26,4396.1
6,4397.0
1,4397.3
16,4398.4
0,4401.3
12,4419.8
19,4420.2
11,4422.6
20,4425.5
29,4428.7
21,4434.7
18,4436.8
14,4439.0
28,4439.5
22,4441.4
12,4456.9
10,4457.1
3,4461.9
2,4466.1
11,4471.9
19,4471.9
4,4472.4
12,4472.7
13,4472.8
20,4473.0
5,4473.5
27,4473.6
21,4473.8
18,4473.8
15,4474.0
29,4474.1
25,4474.2
14,4474.2
22,4474.3
8,4474.6
26,4474.6
30,4474.6
28,4474.6
10,4475.1
9,4475.2
17,4475.3
31,4475.7
23,4475.7
1,4476.5
6,4477.0
16,4477.1
3,4481.1
11,4499.9
12,4500.1
4,4500.3
14,4502.0
19,4503.0
18,4503.8
2,4505.7
21,4508.7
9,4508.7
20,4509.3
22,4510.7
13,4520.8
1,4522.0
30,4530.3
29,4532.8
12,4536.8
14,4537.5
10,4541.5
11,4543.3
19,4544.0
18,4551.7
3,4552.2
4,4552.3
15,4553.1
20,4553.1
27,4553.3
21,4553.3
12,4553.4
5,4553.4
22,4553.5
28,4553.5
6,4554.0
14,4554.5
13,4555.2
31,4555.4
26,4555.5
2,4555.5
9,4555.7
23,4555.7
29,4555.9
19,4555.9
25,4556.2
30,4556.5
7,4556.5
8,4556.7
11,4557.2
10,4557.5
17,4558.5
16,4559.6
1,4560.2
0,4562.5
21,4588.4
18,4592.0
20,4592.4
9,4597.4
8,4598.0
14,4598.8
12,4600.6
19,4604.6
22,4606.6
28,4607.3
13,4608.3
10,4608.6
27,4610.1
11,4616.1
30,4618.4
29,4619.9
21,4628.1
3,4632.5
12,4632.6
15,4632.6
4,4632.7
20,4633.2
19,4633.3
18,4633.5
5,4633.5
11,4633.6
14,4633.6
10,4633.7
25,4634.1
23,4634.2
22,4634.3
28,4634.4
26,4634.5
17,4635.0
31,4635.4
27,4635.4
16,4635.6
6,4635.9
1,4635.9
8,4635.9
9,4636.0
2,4636.2
13,4636.2
29,4636.3
30,4637.1
0,4638.5
14,4666.7
12,4668.5
19,4671.2
21,4673.5
18,4674.9
13,4677.2
20,4679.5
15,4679.7
22,4682.0
3,4686.8
11,4687.6
12,4705.4
14,4713.0
26,4713.5
19,4714.6
13,4720.6
4,4721.6
21,4723.2
18,4726.6
20,4728.0
17,4734.1
11,4737.6
10,4741.7
12,4750.5
5,4751.6
27,4751.9
15,4752.0
30,4754.6
14,4757.7
19,4762.0
22,4764.3
21,4775.0
18,4778.8
3,4784.7
16,4796.7
12,4807.0
22,4812.4
30,4814.7
29,4815.3
13,4815.9
9,4816.1
19,4821.5
14,4824.8
4,4834.0
3,4835.1
18,4844.9
11,4845.8
12,4859.6
15,4871.5
9,4888.7
14,4900.1
11,4958.6
10,4963.4
20,4972.1
15,5001.0
12,5016.8
14,5017.6
19,5017.9
4,5018.0
18,5018.1
11,5018.2
3,5018.5
21,5018.6
29,5019.0
28,5019.0
22,5019.1
30,5019.3
13,5019.4
27,5019.9
23,5019.9
20,5020.0
9,5020.3
6,5020.4
8,5020.5
31,5020.5
15,5020.5
10,5020.6
17,5021.0
5,5021.2
2,5021.5
25,5021.7
26,5021.8
1,5022.2
7,5022.6
0,5033.3
16,5035.5
14,5040.5
12,5045.8
13,5049.1
4,5050.4
21,5050.8
22,5051.9
30,5055.0
11,5055.4
19,5058.4
18,5065.5
14,5065.7
6,5066.1
20,5066.2
29,5067.0
15,5074.4
10,5075.6
13,5077.0
27,5080.8
12,5084.3
14,5095.8
5,5095.9
4,5096.9
22,5097.0
3,5097.6
21,5097.6
30,5097.6
11,5097.8
19,5098.0
28,5098.5
29,5098.9
13,5099.6
20,5099.6
18,5099.6
23,5099.6
12,5099.8
15,5100.1
31,5100.1
8,5100.5
10,5100.5
25,5100.6
9,5100.6
6,5100.7
17,5100.9
2,5101.0
27,5101.2
7,5101.7
26,5102.1
16,5117.5
14,5125.9
22,5126.2
21,5127.9
12,5129.1
18,5132.5
4,5133.9
11,5136.2
30,5136.8
19,5137.7
29,5139.1
13,5139.6
20,5147.8
3,5150.5
10,5151.7
28,5151.9
14,5167.0
22,5172.2
12,5176.4
4,5177.4
21,5177.4
19,5178.1
11,5178.4
29,5178.7
18,5178.8
5,5178.8
27,5178.9
13,5179.0
30,5179.1
20,5179.6
14,5179.7
17,5179.7
23,5179.9
25,5180.1
15,5180.1
2,5180.2
9,5180.4
10,5180.4
8,5180.4
26,5180.5
31,5180.5
28,5180.6
6,5180.7
3,5181.5
22,5182.1
1,5188.3
0,5189.8
12,5205.8
10,5206.0
18,5207.8
4,5211.1
19,5211.9
11,5212.7
21,5212.9
13,5215.7
14,5216.2
30,5225.6
20,5225.7
22,5227.2
29,5228.5
5,5235.2
10,5243.0
18,5246.2
12,5247.6
16,5252.2
9,5252.7
11,5253.4
21,5255.2
14,5256.0
4,5256.5
27,5256.6
19,5256.7
13,5256.9
3,5256.9
15,5258.0
28,5258.0
23,5258.4
20,5258.7
22,5258.8
31,5259.1
29,5259.2
6,5259.3
2,5259.6
7,5259.9
30,5259.9
8,5259.9
25,5260.2
10,5260.6
12,5261.1
18,5261.4
17,5261.5
26,5262.2
5,5262.4
1,5262.5
0,5274.0
3,5286.7
21,5291.3
14,5291.6
11,5292.1
22,5293.4
2,5294.2
30,5294.9
10,5295.4
19,5296.6
29,5298.5
12,5301.9
20,5304.9
13,5305.4
18,5309.2
21,5326.1
17,5326.9
26,5327.0
14,5327.3
11,5328.6
25,5328.9
22,5337.4
10,5345.8
12,5352.2
29,5363.6
20,5363.8
13,5364.0
15,5365.4
23,5365.8
21,5369.2
18,5375.0
14,5377.5
9,5379.3
11,5379.7
22,5381.8
8,5382.9
28,5383.4
19,5397.9
12,5416.5
21,5423.1
3,5423.4
13,5424.2
29,5440.5
6,5443.9
11,5445.8
22,5448.7
30,5450.8
14,5465.4
8,5474.2
1,5476.7
3,5493.7
11,5494.2
12,5504.5
21,5522.2
9,5536.2
4,5542.0
28,5548.7
6,5554.8
21,5580.9
13,5581.2
30,5582.6
12,5584.7
20,5598.6
8,5601.8
3,5626.9
4,5642.0
21,5642.7
12,5642.7
11,5642.8
19,5643.0
13,5643.1
14,5643.1
27,5643.5
29,5643.5
28,5643.7
5,5643.7
18,5643.8
22,5644.2
30,5644.4
20,5644.7
15,5644.7
10,5644.9
23,5645.2
6,5645.3
31,5645.8
17,5646.5
26,5646.5
25,5647.0
9,5647.2
7,5650.4
3,5650.5
8,5651.3
1,5666.0
21,5668.8
14,5673.0
22,5675.0
13,5675.5
12,5676.0
2,5681.3
29,5682.7
18,5684.0
19,5684.9
15,5686.8
11,5687.0
30,5687.3
20,5690.6
27,5693.7
28,5693.7
26,5696.6
21,5701.7
6,5701.9
14,5705.6
4,5721.5
12,5721.8
5,5722.5
10,5722.6
13,5722.7
22,5723.0
3,5723.7
29,5723.8
21,5724.1
19,5724.2
14,5724.5
11,5724.6
18,5724.9
30,5724.9
1,5725.0
31,5725.0
20,5725.1
9,5725.3
15,5725.4
23,5725.4
27,5725.7
28,5725.8
17,5726.0
25,5726.2
8,5726.4
16,5727.2
2,5727.7
6,5728.0
7,5729.5
24,5739.3
12,5752.6
19,5755.1
14,5755.5
13,5755.9
21,5756.0
22,5758.2
11,5759.6
4,5765.2
10,5769.1
30,5779.0
18,5780.0
29,5781.5
21,5794.8
14,5796.9
12,5798.8
13,5799.0
22,5801.0
23,5801.2
15,5801.7
19,5802.1
5,5802.9
4,5803.2
3,5803.3
6,5803.5
20,5803.6
11,5803.8
27,5804.5
29,5804.8
28,5805.1
30,5805.3
31,5805.4
9,5805.5
10,5805.5
21,5805.7
2,5805.9
8,5806.0
18,5806.1
17,5807.1
1,5807.4
0,5808.4
7,5808.8
26,5811.6
14,5832.6
13,5836.8
12,5837.5
4,5838.4
19,5839.8
10,5841.8
21,5845.1
11,5845.4
15,5848.3
22,5848.7
20,5849.5
3,5856.0
18,5869.5
1,5871.4
13,5875.7
14,5879.4
12,5882.1
4,5882.5
22,5882.7
5,5883.2
29,5883.5
28,5883.8
21,5883.9
30,5884.1
19,5884.1
11,5884.3
23,5884.3
27,5884.4
10,5884.5
6,5884.7
20,5884.9
9,5884.9
31,5885.2
15,5885.5
8,5885.6
25,5886.1
13,5886.4
2,5886.5
3,5886.5
17,5886.6
18,5887.3
26,5889.6
16,5890.2
19,5914.1
12,5914.8
11,5917.8
21,5920.1
14,5925.7
9,5929.3
22,5929.3
10,5930.0
4,5931.8
13,5937.3
20,5938.1
18,5938.4
3,5938.6
28,5941.3
30,5941.7
29,5946.8
21,5949.5
19,5953.4
23,5955.5
12,5955.6
22,5963.1
11,5968.6
14,5971.7
18,5978.3
10,5985.0
13,5986.7
21,5992.4
19,5995.1
4,6003.8
17,6005.0
3,6005.2
12,6016.6
11,6017.2
20,6021.7
18,6034.6
8,6035.3
21,6036.5
13,6037.6
19,6037.7
14,6057.2
29,6057.9
30,6059.3
11,6070.3
12,6071.2
21,6081.1
19,6086.6
18,6094.3
4,6094.8
9,6094.8
14,6095.9
17,6103.7
25,6118.0
13,6118.6
26,6118.9
22,6123.5
3,6130.8
21,6144.9
18,6145.8
19,6146.8
9,6149.1
28,6161.7
29,6167.8
26,6173.7
13,6176.6
16,6188.7
19,6203.0
11,6205.8
20,6206.6
3,6206.8
18,6215.6
12,6219.5
4,6220.5
9,6220.8
10,6238.4
29,6238.4
26,6239.6
13,6267.7
12,6267.9
21,6267.9
27,6268.3
14,6268.5
20,6268.6
11,6268.7
28,6268.8
18,6269.0
5,6269.3
19,6269.4
4,6269.6
15,6269.9
22,6270.0
23,6270.2
30,6270.5
31,6270.6
29,6270.7
10,6270.8
6,6271.0
8,6271.0
1,6272.1
25,6272.1
9,6272.3
3,6273.0
17,6273.7
7,6275.1
16,6292.2
19,6300.1
11,6307.3
8,6307.8
12,6308.5
21,6309.0
10,6309.8
14,6311.6
9,6312.7
18,6313.6
22,6313.9
27,6328.1
30,6332.3
29,6334.9
19,6347.9
4,6348.1
20,6348.1
12,6348.5
11,6348.5
14,6348.6
28,6348.6
21,6348.7
5,6348.8
3,6349.0
9,6349.2
13,6349.2
10,6349.4
15,6349.5
17,6349.6
18,6349.6
22,6349.7
23,6350.1
8,6350.1
31,6350.2
6,6350.5
25,6350.6
1,6350.9
27,6351.4
30,6351.4
29,6351.5
2,6353.5
7,6355.8
12,6381.3
14,6383.0
21,6383.6
11,6385.9
29,6388.1
13,6388.7
6,6391.4
30,6392.0
19,6392.8
3,6393.2
4,6393.5
10,6396.0
18,6398.3
9,6398.4
22,6401.5
17,6413.8
14,6422.7
12,6424.2
21,6425.2
11,6427.7
20,6427.8
5,6428.4
4,6428.7
29,6428.8
28,6429.0
19,6429.3
15,6429.4
27,6429.5
3,6429.5
26,6429.8
22,6430.0
10,6430.2
18,6430.2
13,6430.3
31,6430.3
25,6430.5
30,6430.8
8,6430.9
23,6430.9
6,6431.5
9,6432.3
2,6432.5
7,6433.7
16,6434.9
14,6456.2
10,6463.7
21,6469.3
23,6469.5
22,6474.3
11,6474.8
12,6476.3
19,6478.1
13,6478.6
30,6488.2
20,6490.6
29,6491.6
2,6493.5
14,6495.3
9,6497.2
6,6497.5
8,6497.6
4,6507.2
5,6508.7
11,6508.8
12,6509.0
27,6509.3
18,6509.3
21,6509.4
28,6509.8
15,6510.0
19,6510.1
3,6510.2
14,6510.2
10,6510.3
13,6510.4
22,6510.5
31,6511.1
20,6511.1
29,6511.6
1,6511.6
25,6511.9
23,6512.0
30,6512.4
26,6514.8
6,6515.3
7,6517.1
22,6540.4
21,6541.8
19,6545.6
12,6550.6
4,6550.7
17,6551.3
30,6551.3
11,6552.4
18,6555.3
10,6556.6
28,6556.9
13,6564.2
14,6564.7
23,6567.8
29,6568.2
20,6575.2
2,6576.1
8,6578.3
21,6588.3
19,6591.9
22,6594.4
18,6605.5
25,6606.5
17,6608.2
11,6611.9
14,6614.5
13,6632.3
1,6640.5
10,6641.2
21,6648.9
30,6649.9
29,6650.9
19,6654.2
14,6655.9
11,6665.6
5,6679.3
17,6700.5
14,6701.3
10,6704.8
12,6707.4
30,6727.5
8,6728.9
21,6731.5
13,6734.4
10,6754.0
9,6758.2
11,6758.6
14,6763.3
6,6772.8
18,6777.7
11,6830.7
18,6836.6
10,6837.0
16,6837.1
1,6837.5
9,6837.5
26,6837.7
29,6838.5
13,6887.2
6,6887.9
12,6888.5
19,6892.3
18,6893.1
20,6893.2
27,6893.4
5,6893.5
4,6893.8
11,6893.9
28,6894.1
10,6894.7
9,6894.8
25,6894.9
14,6895.2
17,6895.3
22,6895.3
21,6895.3
8,6895.4
15,6896.0
29,6896.3
3,6896.3
24,6896.5
2,6896.5
1,6896.5
30,6896.7
16,6897.3
31,6897.4
26,6897.6
23,6898.2
0,6899.1
13,6923.3
18,6923.6
11,6925.9
12,6926.8
9,6928.5
10,6931.9
19,6935.2
14,6935.6
15,6937.9
21,6938.2
22,6938.8
17,6944.5
18,6957.4
1,6967.2
11,6970.3
3,6971.2
20,6972.1
4,6972.1
9,6972.2
13,6972.8
12,6972.8
5,6973.1
29,6973.4
19,6973.4
10,6973.7
6,6974.0
27,6974.0
26,6974.3
21,6974.4
25,6974.4
18,6974.5
28,6974.6
14,6975.0
30,6975.1
2,6975.2
8,6975.3
17,6975.5
16,6975.6
15,6975.7
23,6975.7
22,6975.8
7,6977.0
31,6977.2
0,6978.1
24,6983.9
12,7007.7
11,7013.3
18,7014.1
10,7014.5
22,7016.4
13,7017.2
19,7018.1
14,7018.5
21,7018.8
4,7019.2
9,7019.8
17,7030.0
26,7037.1
15,7037.7
8,7038.3
20,7038.4
25,7039.9
12,7046.4
3,7052.3
18,7052.4
11,7052.5
27,7052.9
19,7053.0
29,7053.1
21,7053.5
13,7053.6
28,7053.7
10,7054.7
1,7054.8
14,7054.9
4,7055.0
5,7055.1
22,7055.1
2,7055.2
9,7055.3
16,7055.5
23,7056.1
6,7056.1
31,7056.6
30,7056.9
20,7057.1
17,7057.8
8,7059.2
0,7059.6
7,7060.1
12,7060.5
26,7061.1
25,7066.3
18,7084.1
19,7088.0
21,7092.8
22,7094.5
13,7095.9
14,7096.6
11,7097.5
10,7102.9
12,7103.2
4,7104.7
29,7117.9
30,7118.9
15,7124.0
18,7127.6
1,7127.7
22,7129.3
14,7132.5
19,7132.6
13,7132.6
16,7133.3
8,7133.5
21,7133.8
11,7133.8
20,7133.9
5,7134.0
27,7134.1
3,7134.4
28,7134.4
25,7134.5
6,7134.6
26,7134.6
12,7134.6
9,7134.6
10,7135.5
17,7135.6
4,7136.0
2,7136.0
31,7136.1
29,7138.3
23,7138.4
7,7139.7
30,7142.0
18,7169.0
11,7174.7
21,7174.9
10,7178.5
14,7180.8
19,7181.3
13,7181.8
22,7182.2
4,7182.9
12,7184.4
9,7192.4
1,7195.5
17,7196.1
28,7217.8
20,7218.6
11,7218.9
21,7219.6
15,7220.3
14,7227.1
18,7228.0
13,7229.3
10,7229.4
22,7230.2
4,7243.7
9,7243.8
12,7244.8
17,7251.1
13,7278.3
14,7281.1
29,7307.6
30,7308.8
12,7310.6
19,7313.7
11,7314.3
18,7321.9
13,7330.3
14,7345.8
21,7352.1
17,7367.0
16,7369.1
11,7371.2
10,7382.1
18,7387.4
12,7399.3
20,7423.2
19,7425.8
27,7468.6
13,7492.9
1,7496.8
11,7505.7
25,7513.4
26,7514.3
19,7518.3
4,7518.5
20,7518.7
12,7518.9
14,7519.0
21,7519.2
18,7519.3
9,7519.5
15,7519.6
3,7519.8
30,7519.8
5,7519.8
10,7519.9
29,7520.1
28,7520.1
27,7520.3
22,7520.4
8,7520.7
17,7520.7
13,7521.3
31,7521.5
2,7521.7
6,7521.8
11,7521.8
23,7521.8
1,7523.2
16,7529.4
19,7543.1
18,7544.8
10,7545.3
12,7557.4
17,7558.9
21,7562.1
11,7562.5
9,7564.0
25,7566.8
13,7567.8
30,7575.6
19,7578.4
10,7588.9
26,7589.7
18,7591.9
12,7596.8
20,7597.9
11,7598.0
4,7598.3
14,7598.8
15,7598.8
8,7598.8
27,7599.1
28,7599.3
1,7599.3
22,7599.3
21,7599.4
29,7599.6
13,7599.6
9,7599.7
19,7599.7
16,7600.1
17,7600.3
3,7600.6
2,7600.9
31,7601.1
6,7601.1
23,7601.6
30,7601.7
0,7602.6
10,7603.9
7,7605.2
25,7606.3
21,7627.6
14,7629.1
22,7629.7
9,7630.6
1,7633.0
8,7633.6
12,7634.6
3,7637.4
13,7638.0
17,7638.6
18,7640.9
11,7641.6
10,7641.8
15,7641.9
19,7646.9
4,7648.6
29,7651.8
2,7653.8
20,7657.6
6,7672.8
14,7673.7
12,7676.9
21,7677.5
27,7678.0
9,7678.2
25,7678.3
10,7678.4
11,7678.7
28,7678.8
19,7678.9
13,7679.1
8,7679.1
22,7679.2
18,7679.4
5,7679.5
3,7679.8
17,7679.8
26,7679.9
16,7680.0
7,7680.1
1,7680.2
4,7680.4
15,7680.6
29,7681.3
31,7681.6
30,7682.2
23,7682.3
20,7682.6
2,7683.3
0,7683.8
24,7684.7
12,7705.9
11,7711.0
13,7711.5
10,7714.3
19,7716.5
22,7722.1
9,7722.1
14,7723.9
21,7724.1
28,7725.4
20,7725.4
27,7726.0
4,7727.5
15,7728.4
30,7730.7
18,7730.9
17,7731.4
1,7733.7
12,7745.7
29,7753.6
19,7754.6
13,7757.4
11,7757.5
21,7758.5
10,7758.7
5,7759.0
4,7759.2
14,7759.3
3,7759.4
9,7759.6
18,7759.8
20,7759.9
22,7760.4
12,7760.5
15,7760.5
25,7760.7
2,7760.9
27,7760.9
28,7760.9
8,7761.0
7,7761.3
30,7761.6
23,7761.8
31,7762.0
16,7762.1
1,7762.2
26,7762.6
17,7762.9
6,7763.3
19,7791.2
20,7791.8
13,7793.1
22,7794.6
27,7794.9
11,7796.3
9,7797.4
10,7798.2
18,7800.3
21,7802.1
12,7807.6
14,7813.0
17,7817.9
4,7818.9
30,7831.0
19,7841.8
16,7841.8
13,7842.2
20,7847.7
28,7849.1
22,7849.8
12,7851.4
23,7855.6
5,7858.0
10,7858.4
14,7859.3
27,7860.5
21,7860.6
18,7861.6
1,7862.8
25,7863.7
11,7885.0
19,7890.2
17,7893.2
26,7894.4
30,7896.3
13,7901.9
18,7908.5
20,7909.5
4,7912.0
12,7912.2
21,7915.6
14,7919.3
25,7920.2
17,7948.8
3,7953.4
13,7963.3
12,7963.4
4,7968.0
19,7969.3
20,7976.5
14,8016.1
18,8018.4
17,8019.0
15,8021.3
19,8026.1
12,8101.2
1,8135.0
15,8138.8
22,8140.3
4,8142.9
13,8143.7
21,8144.0
27,8144.1
30,8144.1
18,8144.5
20,8144.5
28,8144.6
5,8144.7
12,8144.9
9,8144.9
29,8145.0
10,8145.3
11,8145.6
14,8145.8
17,8146.3
6,8146.4
31,8146.4
19,8146.7
25,8146.8
26,8147.0
23,8147.1
16,8147.6
24,8147.7
2,8149.8
13,8179.5
21,8183.7
18,8189.2
19,8195.6
17,8207.5
9,8208.7
14,8208.8
20,8209.2
1,8210.1
15,8212.7
3,8221.8
4,8222.3
11,8223.0
18,8223.6
21,8223.7
22,8223.7
13,8223.8
12,8224.0
19,8224.0
28,8224.0
27,8224.2
29,8224.3
5,8224.6
31,8224.7
30,8224.9
10,8225.1
23,8225.4
8,8225.5
26,8225.9
25,8226.0
14,8226.2
6,8226.3
2,8226.8
15,8227.0
20,8227.4
7,8227.6
16,8228.0
9,8228.9
24,8230.7
17,8231.9
13,8261.7
18,8268.4
11,8272.9
19,8274.3
12,8275.1
10,8277.1
27,8278.6
21,8278.8
14,8280.6
9,8281.1
2,8288.2
20,8289.8
5,8292.3
13,8302.3
4,8302.8
19,8303.2
30,8303.5
18,8303.7
17,8303.9
15,8304.1
10,8304.2
22,8304.2
11,8304.2
26,8304.5
1,8304.7
31,8304.8
21,8304.9
12,8305.1
29,8305.1
28,8305.2
14,8305.3
9,8305.7
23,8305.8
6,8305.9
8,8306.2
27,8306.7
25,8306.8
24,8307.4
7,8307.6
20,8308.6
3,8309.4
16,8312.3
13,8338.1
18,8342.4
14,8342.7
19,8344.4
10,8349.2
12,8350.8
21,8364.3
17,8365.4
9,8366.3
28,8367.4
4,8383.0
13,8383.3
20,8383.4
5,8383.4
11,8383.7
27,8383.8
19,8384.0
30,8384.0
18,8384.6
3,8384.7
25,8384.7
14,8384.7
15,8384.9
1,8384.9
12,8385.0
22,8385.2
29,8385.3
21,8385.5
26,8385.6
10,8386.0
31,8386.4
6,8386.6
23,8386.8
2,8387.2
9,8388.6
16,8389.6
8,8390.3
28,8390.9
17,8392.8
13,8409.2
12,8411.1
14,8412.0
27,8415.3
21,8418.7
18,8420.3
4,8429.5
11,8433.7
19,8437.3
3,8437.5
29,8441.3
10,8443.1
15,8444.0
9,8446.4
12,8447.7
13,8459.4
14,8463.7
18,8473.7
21,8486.3
11,8486.7
22,8491.0
19,8491.2
12,8496.1
13,8517.0
14,8520.8
30,8523.1
18,8567.4
11,8569.2
13,8580.4
11,8622.7
19,8623.0
1,8626.1
28,8652.8
10,8667.0
30,8674.8
20,8700.4
12,8700.7
4,8702.3
9,8705.6
19,8730.7
22,8733.9
12,8749.6
20,8768.8
13,8768.8
15,8768.9
18,8769.0
28,8769.0
14,8769.2
30,8769.2
27,8769.4
5,8769.9
6,8769.9
21,8770.1
4,8770.3
29,8770.4
22,8770.5
10,8770.5
3,8770.5
11,8770.8
19,8771.0
12,8771.4
23,8771.5
31,8771.7
17,8773.2
9,8774.1
26,8774.3
25,8774.9
1,8775.7
16,8776.0
12,8813.9
14,8815.0
21,8816.3
13,8817.1
11,8818.9
20,8821.3
19,8826.4
4,8827.0
3,8827.4
29,8829.6
18,8847.4
27,8848.1
30,8848.4
6,8848.7
13,8848.7
12,8849.1
5,8849.2
15,8849.2
28,8849.4
14,8849.5
21,8849.7
22,8849.8
10,8849.9
25,8850.3
17,8850.4
2,8850.5
4,8850.5
7,8850.8
20,8851.1
26,8851.3
19,8851.3
23,8851.5
29,8851.8
31,8852.0
9,8852.1
11,8852.6
1,8854.2
3,8854.5
24,8855.1
8,8855.9
16,8856.7
13,8879.5
12,8881.3
19,8881.9
21,8883.2
14,8884.7
22,8887.1
11,8889.2
20,8891.0
18,8900.2
30,8907.8
27,8910.9
4,8911.8
3,8914.3
13,8916.4
12,8917.6
10,8918.6
25,8920.4
26,8920.4
19,8921.6
9,8924.9
6,8927.9
29,8928.2
15,8928.6
11,8928.6
14,8929.0
21,8929.1
20,8929.7
22,8929.7
28,8929.7
5,8929.9
18,8930.0
31,8930.3
30,8930.4
13,8930.7
17,8930.8
12,8931.0
4,8931.5
23,8932.1
2,8932.1
27,8932.8
16,8941.3
14,8959.0
21,8959.2
13,8960.8
29,8962.4
1,8965.4
19,8967.1
4,8968.3
11,8970.2
20,8973.3
12,8976.5
18,8976.7
3,8983.3
30,8992.2
17,8998.3
28,9008.0
13,9008.1
19,9008.2
21,9008.2
14,9008.2
4,9008.3
18,9008.4
5,9008.4
15,9008.7
27,9008.7
12,9009.6
22,9009.7
11,9009.9
20,9009.9
29,9010.1
10,9010.5
23,9010.8
2,9011.2
31,9011.3
6,9011.4
9,9012.0
30,9012.7
8,9013.4
3,9013.7
16,9014.5
0,9016.5
1,9016.9
14,9044.9
21,9052.3
19,9058.7
13,9059.0
10,9059.2
4,9061.1
12,9064.6
11,9065.2
18,9065.8
20,9068.7
14,9094.1
13,9106.5
19,9108.6
4,9124.4
11,9125.2
22,9133.1
10,9168.5
8,9168.8
19,9170.5
18,9173.8
17,9173.9
11,9178.1
30,9187.1
21,9187.6
22,9192.7
31,9196.9
14,9200.4
28,9255.3
27,9255.5
10,9279.8
14,9305.4
17,9309.6
23,9324.9
16,9325.0
18,9344.0
29,9351.2
28,9362.7
22,9364.0
12,9393.5
4,9393.9
13,9394.3
15,9394.3
14,9394.4
11,9394.5
18,9394.5
30,9394.6
19,9394.6
27,9394.7
5,9394.8
10,9394.9
21,9395.2
7,9395.3
17,9395.5
29,9395.5
22,9395.5
6,9395.5
20,9395.9
9,9396.3
1,9396.6
3,9396.9
23,9396.9
28,9397.1
31,9397.4
8,9397.8
16,9398.3
0,9399.0
25,9399.5
26,9399.5
12,9428.8
21,9428.8
20,9432.0
13,9433.6
10,9433.6
14,9435.7
19,9435.8
18,9437.4
30,9439.5
11,9442.4
9,9445.9
22,9446.4
21,9472.1
4,9473.8
12,9473.9
15,9474.0
13,9474.3
14,9474.3
29,9474.6
5,9474.7
6,9474.8
22,9474.8
30,9474.8
27,9475.1
10,9475.2
23,9475.8
19,9476.1
28,9476.1
17,9476.1
20,9476.1
31,9476.5
18,9477.3
16,9478.0
3,9478.2
11,9479.1
26,9479.8
7,9480.2
25,9483.7
0,9505.4
19,9511.4
12,9512.3
8,9512.9
14,9516.6
21,9518.3
10,9522.5
29,9524.0
30,9524.7
22,9526.6
13,9528.4
18,9530.1
17,9530.5
11,9531.0
20,9532.1
16,9542.2
23,9544.1
5,9553.0
4,9553.0
6,9553.3
12,9553.5
15,9554.0
14,9554.0
30,9554.1
31,9554.2
21,9554.5
13,9554.6
7,9554.9
22,9555.2
19,9555.2
29,9555.3
28,9555.7
27,9555.9
20,9556.7
1,9558.1
3,9558.2
11,9558.5
9,9558.7
23,9558.9
10,9559.6
18,9559.6
17,9566.7
21,9595.9
12,9597.6
14,9597.9
19,9599.4
30,9602.9
13,9603.4
20,9604.7
22,9605.5
15,9611.7
10,9612.7
4,9615.0
18,9617.6
11,9632.3
6,9633.3
1,9633.9
14,9634.2
12,9634.4
13,9634.5
31,9634.5
21,9634.6
30,9634.7
28,9634.8
17,9634.9
29,9635.1
22,9635.4
5,9635.4
23,9635.7
15,9636.2
27,9636.2
20,9636.6
19,9636.6
4,9638.0
16,9639.1
26,9639.1
18,9639.4
10,9640.3
24,9643.7
13,9670.3
21,9671.1
14,9672.1
9,9673.2
12,9676.6
23,9680.3
19,9681.7
15,9684.5
30,9689.7
17,9690.0
20,9690.5
22,9692.7
18,9698.8
14,9710.2
29,9711.3
21,9712.1
13,9718.6
19,9728.4
12,9729.9
8,9732.7
6,9744.4
10,9745.1
9,9749.2
2,9750.7
17,9751.4
4,9751.7
18,9754.2
3,9765.5
14,9765.7
19,9767.3
22,9768.1
23,9769.2
21,9772.3
11,9772.7
13,9777.5
27,9793.6
18,9802.5
30,9805.2
12,9806.5
14,9811.6
26,9813.4
19,9813.7
9,9814.5
22,9836.2
14,9869.3
29,9877.3
17,9886.8
1,9905.2
13,9909.4
18,9916.6
20,9932.9
19,9934.0
11,9934.2
14,9949.8
13,9955.1
5,9988.5
4,9991.1
30,9995.2
