4,89.5
1,89.5
5,89.9
0,90.5
2,90.6
6,91.9
1,101.4
5,101.9
4,103.3
6,104.7
7,106.6
0,106.9
2,108.4
1,108.5
5,109.1
4,111.1
6,113.4
1,115.3
5,115.9
7,119.4
4,120.3
2,122.9
1,123.2
6,123.3
5,124.9
6,142.3
5,156.1
1,169.2
4,169.2
2,170.0
0,170.0
6,170.7
5,172.1
3,178.6
1,180.0
5,180.9
4,182.1
6,183.5
2,184.9
0,185.3
7,186.1
1,187.0
5,187.6
4,190.0
6,191.9
1,193.4
5,193.7
2,194.9
0,195.4
7,197.9
4,199.3
5,199.9
1,200.1
6,200.9
5,206.6
1,209.6
0,210.7
6,212.2
5,216.1
2,223.8
4,230.4
5,231.8
1,236.0
3,241.3
2,244.3
5,249.1
4,249.3
0,249.9
6,250.1
1,250.4
2,256.8
3,259.8
5,260.4
1,260.5
6,260.6
4,262.1
0,266.1
7,266.3
5,267.5
1,267.5
6,268.1
2,269.3
4,270.0
5,273.9
1,274.1
6,275.4
0,278.8
4,278.9
7,279.2
5,280.4
2,280.6
1,281.3
6,284.3
5,288.0
1,290.0
4,290.5
5,298.0
2,299.9
6,301.5
0,309.5
5,316.3
1,322.9
2,328.8
4,331.6
6,333.0
7,339.4
0,342.8
3,346.3
1,347.5
2,349.6
5,350.1
0,368.6
3,368.9
1,373.9
6,374.5
5,376.6
4,380.1
1,395.8
5,396.3
4,397.6
6,411.4
4,434.1
0,435.1
6,437.2
7,437.7
1,454.1
2,454.9
5,456.4
3,467.7
6,476.8
5,479.3
2,483.1
5,501.0
3,508.2
6,514.7
5,518.9
1,521.4
5,537.9
4,538.2
0,539.2
6,547.1
2,550.0
4,556.6
0,557.6
7,568.9
5,576.0
6,580.9
0,584.1
6,610.6
1,611.5
5,626.7
0,632.3
1,633.7
4,634.0
2,635.0
6,636.3
5,637.9
5,645.5
1,645.8
4,647.5
6,648.6
0,649.6
2,650.3
7,650.3
5,651.9
1,652.7
3,653.8
4,655.3
6,656.9
5,657.8
1,658.7
0,660.8
2,661.5
7,662.8
5,663.7
4,663.9
1,664.7
6,667.3
5,669.8
1,671.0
2,673.7
3,673.8
5,677.4
1,678.6
4,692.2
7,693.6
6,693.9
1,695.4
2,709.4
5,711.3
6,712.3
1,713.2
0,713.6
4,713.9
3,716.5
2,719.7
5,722.9
1,723.2
6,724.7
4,726.7
0,729.2
7,729.4
1,730.0
5,730.1
6,732.8
2,732.8
3,733.6
4,734.3
1,736.1
5,736.5
0,739.5
6,740.2
7,741.1
1,742.2
4,742.9
5,743.1
2,745.0
1,748.7
6,749.8
0,750.0
5,750.6
4,754.9
2,755.4
1,756.0
5,761.8
6,765.8
7,766.1
1,767.5
2,772.4
0,776.0
5,778.8
6,785.2
1,786.6
0,793.1
4,793.7
5,794.7
2,794.8
1,796.2
6,800.3
3,800.3
5,804.3
4,804.9
1,805.5
7,808.1
6,808.2
0,809.6
2,810.4
5,811.4
1,812.2
4,812.3
6,815.1
7,817.2
5,817.7
1,818.5
0,819.0
4,820.0
2,821.5
6,822.5
5,824.0
1,825.0
4,828.7
3,829.1
7,830.1
5,830.8
6,831.8
1,832.2
5,840.3
2,842.3
1,844.0
5,860.3
7,862.2
2,864.1
1,864.4
6,867.7
0,869.6
4,873.7
5,874.4
1,876.4
2,878.1
6,878.3
0,880.6
5,884.5
1,885.2
7,885.4
4,886.3
6,887.4
5,891.4
1,892.0
0,892.1
2,892.2
4,893.5
6,894.6
7,897.1
5,897.7
1,898.5
4,900.1
0,901.1
6,901.8
2,902.7
5,904.3
1,905.7
4,908.0
6,912.2
5,913.0
0,916.6
1,917.9
2,918.1
4,918.9
4,934.3
5,937.1
1,938.2
0,939.5
3,939.6
2,941.5
5,952.6
6,952.8
1,954.9
5,971.6
4,973.4
0,977.2
6,981.4
1,986.1
2,998.5
6,1004.1
3,1006.7
5,1010.4
4,1010.9
2,1021.4
6,1023.6
5,1030.8
7,1040.3
6,1044.2
1,1087.7
5,1089.9
3,1092.3
2,1093.3
4,1095.7
0,1100.8
1,1104.8
6,1116.9
5,1119.6
2,1124.4
1,1129.3
6,1133.0
5,1135.7
0,1149.1
6,1151.4
5,1161.0
1,1161.6
6,1166.5
0,1167.9
4,1168.6
7,1178.6
6,1182.8
6,1201.5
1,1205.6
2,1214.9
6,1222.7
2,1231.3
6,1235.0
4,1241.2
3,1245.2
0,1257.4
1,1258.1
5,1258.9
2,1259.2
4,1259.3
6,1259.8
0,1267.6
1,1269.3
5,1270.5
4,1271.9
2,1272.0
6,1272.2
3,1275.1
0,1275.6
1,1276.2
7,1276.3
5,1277.5
4,1279.2
6,1279.8
2,1281.1
1,1282.4
0,1283.7
5,1283.9
4,1286.4
6,1287.0
7,1287.7
1,1289.0
5,1290.9
4,1296.2
0,1296.2
6,1296.3
1,1297.4
5,1301.2
7,1307.3
3,1314.9
6,1316.1
1,1316.8
5,1322.2
2,1327.0
6,1332.2
4,1338.6
1,1338.8
0,1339.2
5,1339.6
3,1341.5
2,1342.1
6,1343.8
7,1345.9
5,1348.5
1,1349.4
4,1350.3
6,1352.2
0,1355.0
5,1355.1
2,1355.4
1,1356.3
4,1357.7
6,1359.4
7,1360.6
5,1361.1
1,1362.7
4,1365.2
2,1365.9
0,1366.1
6,1366.9
5,1367.1
1,1369.4
5,1373.1
4,1375.8
1,1377.3
6,1377.6
5,1379.5
0,1382.7
5,1386.5
1,1388.2
4,1393.9
6,1394.4
5,1396.9
3,1400.7
6,1407.1
1,1407.7
7,1414.9
0,1416.7
4,1416.9
3,1417.0
5,1418.4
2,1418.6
1,1420.1
6,1420.9
4,1426.9
2,1429.0
1,1429.0
5,1429.2
6,1431.5
0,1432.5
4,1434.3
7,1434.6
3,1434.8
1,1435.6
5,1436.1
2,1437.6
6,1439.4
4,1441.1
1,1441.6
0,1441.9
5,1442.1
7,1445.6
2,1446.4
1,1447.9
5,1447.9
6,1449.0
4,1449.0
0,1453.9
5,1454.0
1,1455.3
2,1458.0
5,1460.8
6,1466.4
1,1466.8
5,1473.7
4,1477.2
5,1484.9
1,1485.0
6,1489.2
0,1498.4
4,1498.6
1,1498.8
2,1499.3
5,1499.4
6,1504.0
1,1508.5
5,1509.4
4,1510.2
6,1513.0
0,1514.3
1,1515.2
2,1515.5
7,1515.9
5,1516.4
3,1517.0
4,1517.6
6,1520.7
1,1521.4
5,1522.8
0,1525.3
4,1525.4
2,1526.2
1,1527.7
7,1528.5
6,1528.7
5,1529.5
1,1535.0
5,1538.0
6,1538.5
4,1538.6
2,1541.2
7,1547.2
5,1554.3
6,1556.3
0,1564.7
4,1568.8
6,1571.6
5,1575.1
1,1576.4
0,1583.3
4,1590.6
2,1604.2
3,1611.3
4,1622.3
6,1628.5
5,1629.1
1,1636.0
3,1637.7
5,1640.2
4,1648.3
0,1648.6
1,1654.9
6,1655.1
7,1662.4
1,1673.0
5,1697.3
0,1700.4
3,1705.1
4,1706.5
7,1706.5
6,1718.4
0,1722.1
2,1727.7
5,1730.3
4,1731.3
1,1733.6
1,1752.7
5,1768.2
4,1779.1
6,1779.7
2,1781.9
5,1786.2
4,1802.2
5,1810.9
3,1826.4
4,1827.8
6,1834.4
7,1840.9
1,1840.9
6,1851.0
3,1854.2
1,1858.7
5,1864.2
6,1867.0
2,1875.8
1,1883.2
5,1883.4
4,1883.6
0,1884.2
6,1884.5
2,1887.3
3,1888.2
7,1888.6
1,1893.4
5,1894.5
4,1895.5
6,1897.0
1,1900.3
0,1900.7
5,1901.5
2,1901.6
4,1902.8
6,1904.7
7,1905.8
1,1906.6
5,1907.6
4,1910.2
0,1911.6
6,1912.4
1,1912.9
2,1913.4
5,1913.7
4,1917.9
3,1917.9
1,1919.7
5,1920.3
6,1922.8
4,1929.8
5,1930.1
1,1930.7
6,1938.3
0,1944.7
5,1946.0
3,1946.3
1,1946.5
4,1952.6
5,1958.3
1,1959.7
0,1962.2
2,1963.7
6,1963.8
4,1965.5
5,1966.6
3,1967.0
1,1967.8
0,1973.5
5,1973.5
2,1974.1
6,1974.7
1,1975.0
4,1975.1
5,1979.7
7,1980.3
1,1981.3
0,1982.1
4,1982.3
6,1982.6
2,1984.7
5,1985.6
1,1987.4
4,1989.3
6,1990.8
5,1991.3
0,1992.6
7,1993.4
1,1993.7
5,1997.2
4,1998.9
6,2000.4
1,2000.9
5,2003.7
6,2011.1
1,2012.1
3,2012.1
7,2012.9
0,2013.4
5,2014.5
4,2016.3
5,2029.0
6,2030.6
2,2039.9
5,2042.6
4,2042.7
1,2042.8
0,2043.2
6,2045.1
3,2046.4
2,2049.5
5,2052.1
1,2052.4
4,2052.8
6,2055.8
7,2058.0
2,2058.6
0,2058.8
5,2058.8
1,2059.1
4,2059.7
3,2060.0
6,2063.7
5,2064.9
1,2065.1
4,2066.1
2,2066.9
7,2067.4
0,2068.3
5,2070.9
1,2071.1
6,2072.5
4,2072.6
2,2076.3
5,2077.1
1,2077.7
7,2078.4
4,2080.7
5,2083.9
6,2084.6
1,2086.4
2,2093.0
5,2095.8
1,2104.9
4,2106.8
2,2111.4
5,2113.3
1,2123.8
0,2124.0
6,2124.1
4,2124.1
2,2124.6
5,2125.5
3,2127.4
1,2133.1
5,2134.5
4,2134.8
2,2135.9
6,2136.2
7,2137.0
0,2139.7
1,2139.8
5,2141.2
4,2141.8
6,2143.9
2,2145.1
1,2146.0
3,2146.2
5,2147.4
4,2148.5
0,2149.8
6,2151.0
7,2151.5
1,2152.2
5,2153.6
2,2156.4
4,2156.4
1,2159.2
6,2160.1
5,2160.1
4,2166.9
5,2167.9
1,2168.7
0,2172.2
2,2175.4
6,2176.9
1,2180.9
5,2181.5
4,2185.2
0,2189.8
5,2194.1
5,2214.3
7,2217.0
6,2227.0
1,2230.2
2,2233.1
5,2235.2
0,2239.4
6,2240.9
2,2257.8
6,2261.6
3,2269.7
1,2270.5
6,2290.9
3,2297.3
4,2302.2
0,2303.7
1,2317.7
6,2321.9
5,2330.6
0,2337.3
7,2343.1
4,2344.3
5,2357.7
6,2375.3
4,2376.0
5,2377.8
3,2382.1
6,2389.4
0,2392.0
5,2393.3
4,2393.4
3,2409.0
2,2410.0
1,2412.0
5,2412.8
4,2414.3
2,2431.3
5,2432.1
0,2432.1
3,2433.0
4,2433.1
6,2456.1
5,2456.8
2,2480.1
5,2489.0
5,2508.2
4,2508.4
1,2508.6
0,2508.6
6,2509.1
2,2509.3
1,2517.5
5,2518.1
4,2519.6
6,2520.4
0,2524.1
1,2524.2
5,2524.9
3,2524.9
2,2525.6
7,2525.9
4,2526.9
6,2528.1
1,2530.2
5,2531.1
4,2534.2
0,2535.1
6,2536.0
1,2536.2
2,2536.8
5,2537.2
7,2538.5
4,2542.5
1,2542.7
5,2543.3
6,2545.3
2,2547.0
5,2549.9
1,2550.3
4,2554.3
6,2556.3
5,2558.6
1,2562.2
3,2564.9
0,2566.9
4,2573.0
6,2574.3
1,2584.2
5,2584.3
0,2587.3
4,2588.7
2,2588.7
6,2589.7
3,2591.1
1,2592.3
5,2593.0
7,2593.5
4,2596.8
0,2598.3
1,2599.5
2,2599.8
5,2599.8
6,2600.5
4,2603.4
1,2605.9
5,2605.9
0,2606.2
3,2606.4
6,2607.9
2,2608.4
7,2609.0
4,2609.6
5,2611.8
1,2611.9
6,2615.1
0,2615.3
2,2615.7
4,2616.4
5,2617.7
1,2617.9
7,2620.8
5,2623.8
6,2623.9
1,2624.1
2,2624.3
4,2625.2
0,2627.9
5,2630.5
1,2631.5
5,2640.6
2,2643.3
5,2667.6
1,2667.9
4,2667.9
2,2668.6
0,2668.8
6,2669.3
3,2673.4
1,2677.4
5,2677.9
4,2678.5
2,2679.4
6,2681.7
1,2684.2
0,2684.3
7,2684.5
5,2685.0
4,2685.8
2,2688.5
6,2689.4
1,2690.3
5,2691.2
3,2691.5
4,2692.7
0,2694.6
7,2695.4
1,2696.5
6,2696.9
2,2697.3
5,2697.3
4,2699.9
1,2703.2
5,2703.6
6,2707.7
2,2708.4
4,2710.0
3,2711.3
5,2711.5
1,2711.5
0,2714.2
2,2728.1
6,2732.5
5,2733.8
3,2735.4
1,2736.9
0,2744.2
4,2748.3
5,2748.7
2,2748.7
1,2749.0
6,2749.4
3,2752.9
0,2753.9
5,2757.7
1,2758.2
4,2759.1
2,2760.3
6,2760.5
5,2764.6
1,2765.0
0,2765.6
7,2766.0
4,2766.4
6,2768.0
2,2770.3
5,2770.8
1,2771.3
4,2773.4
0,2774.5
6,2775.2
5,2777.2
1,2777.7
7,2778.7
4,2781.7
2,2782.1
5,2784.6
6,2785.3
1,2785.7
0,2790.5
1,2798.2
6,2800.0
3,2806.8
0,2809.6
4,2813.7
6,2815.0
1,2824.2
0,2826.4
5,2831.0
4,2833.5
7,2835.2
1,2839.8
3,2845.0
5,2850.3
7,2853.5
2,2854.1
1,2856.5
2,2871.3
7,2875.5
1,2879.4
4,2880.2
5,2893.8
7,2894.3
5,2922.0
0,2928.3
2,2933.7
5,2934.2
6,2940.4
0,2947.9
4,2953.4
1,2955.1
7,2982.4
7,3011.7
6,3014.1
4,3016.0
3,3016.5
1,3021.0
3,3046.4
6,3047.9
3,3063.0
0,3065.8
1,3070.8
3,3084.7
2,3091.2
4,3092.1
0,3096.6
6,3114.6
5,3114.6
4,3132.7
1,3132.8
0,3132.9
5,3133.2
2,3133.4
6,3133.8
3,3134.5
4,3140.3
1,3140.3
0,3141.4
2,3141.6
5,3141.6
6,3142.9
1,3146.7
4,3147.4
5,3148.2
0,3149.5
3,3150.6
6,3150.6
2,3151.4
7,3152.1
1,3152.8
4,3154.0
5,3154.3
0,3157.7
6,3158.8
1,3159.0
5,3160.4
4,3160.8
2,3163.7
1,3165.9
5,3167.2
0,3169.7
4,3169.9
6,3170.7
5,3176.4
1,3178.2
2,3185.4
4,3187.0
0,3187.5
0,3206.2
4,3212.4
1,3212.6
5,3212.6
2,3213.2
6,3213.3
3,3214.2
0,3214.5
4,3219.8
1,3220.0
5,3220.6
2,3221.3
6,3222.5
0,3223.1
1,3226.2
4,3226.4
5,3227.1
3,3229.4
7,3229.6
2,3230.3
6,3230.3
0,3231.1
1,3232.1
4,3232.6
5,3233.2
1,3237.9
6,3238.5
4,3239.0
5,3239.3
0,3240.7
2,3242.3
1,3244.0
5,3245.9
4,3246.9
6,3248.2
1,3251.5
5,3254.8
7,3255.5
6,3267.4
4,3268.6
2,3268.8
1,3272.2
0,3273.9
4,3291.3
5,3292.6
1,3292.7
0,3292.7
6,3293.0
2,3293.1
3,3294.3
4,3298.4
1,3300.1
5,3300.2
2,3301.0
6,3301.4
0,3301.6
4,3305.0
1,3306.2
5,3306.5
6,3308.7
0,3310.2
2,3310.8
3,3311.2
4,3311.3
7,3311.9
1,3312.1
5,3312.4
6,3316.2
4,3317.5
1,3318.0
5,3318.2
0,3319.4
2,3321.1
1,3324.1
5,3324.2
4,3324.4
6,3325.2
1,3330.9
5,3331.3
4,3337.3
2,3339.6
1,3342.0
5,3344.0
6,3353.3
4,3372.6
5,3372.6
1,3372.7
0,3372.9
6,3373.0
2,3373.2
3,3374.0
1,3379.9
4,3380.0
5,3380.5
2,3381.0
6,3382.0
0,3382.3
1,3386.1
4,3386.5
5,3387.0
6,3389.6
2,3390.5
3,3390.7
0,3391.1
1,3391.9
7,3392.3
4,3392.9
5,3392.9
6,3397.6
1,3397.7
5,3398.9
4,3399.3
0,3400.6
2,3401.7
1,3403.8
5,3405.2
4,3407.3
6,3409.6
1,3410.7
7,3411.2
5,3412.3
1,3421.9
5,3423.4
5,3450.1
4,3452.0
2,3468.5
5,3471.9
4,3487.0
5,3495.6
6,3499.4
4,3512.3
0,3513.1
6,3520.6
5,3540.3
6,3566.2
4,3580.9
6,3584.7
6,3607.8
5,3608.4
2,3608.9
4,3610.2
5,3628.4
4,3641.6
0,3641.9
6,3662.5
6,3704.9
6,3731.9
1,3757.8
5,3757.8
4,3757.9
2,3758.0
6,3758.2
0,3758.8
3,3758.8
1,3765.3
2,3765.4
5,3766.0
6,3766.6
4,3766.6
0,3770.1
1,3771.6
5,3772.5
2,3772.6
3,3772.8
6,3773.5
4,3774.1
7,3774.6
1,3777.5
5,3778.6
6,3780.0
2,3780.0
0,3781.3
4,3782.1
1,3783.3
3,3784.1
5,3784.7
6,3786.9
1,3789.2
2,3791.2
5,3791.5
1,3795.7
6,3797.5
5,3801.5
1,3807.0
5,3818.1
1,3833.3
5,3836.4
6,3837.9
2,3837.9
4,3837.9
0,3838.6
3,3839.4
1,3840.3
5,3843.8
2,3845.4
6,3846.0
1,3846.5
4,3846.8
5,3849.9
0,3851.5
1,3852.4
6,3852.9
2,3853.4
3,3853.9
4,3853.9
7,3854.9
5,3855.7
1,3858.0
6,3859.5
4,3861.1
5,3861.3
2,3862.3
0,3863.5
1,3863.5
6,3866.2
3,3866.6
5,3866.9
1,3869.1
4,3871.5
5,3872.6
6,3874.4
1,3874.9
5,3879.0
1,3881.6
5,3889.5
6,3891.8
1,3893.9
1,3917.6
2,3917.7
5,3917.7
4,3917.9
6,3918.0
0,3918.7
3,3919.2
1,3924.8
2,3925.0
5,3925.7
6,3926.2
4,3926.8
1,3930.9
0,3931.9
5,3932.1
2,3932.4
3,3932.6
6,3933.0
4,3933.9
7,3934.7
1,3936.8
5,3938.0
6,3939.5
2,3940.6
4,3940.9
0,3941.7
1,3942.5
5,3943.9
3,3944.0
6,3946.6
1,3948.3
4,3950.0
2,3950.2
5,3950.2
1,3954.5
6,3957.5
5,3957.6
0,3960.5
1,3962.9
6,3978.7
1,3981.5
4,3986.3
5,3991.7
3,3995.7
6,3996.8
1,3997.7
2,3997.9
0,3998.8
5,3998.9
4,3999.2
6,4004.3
1,4005.0
5,4005.4
2,4005.4
4,4008.6
3,4010.3
1,4011.0
6,4011.0
5,4011.5
0,4011.9
2,4013.4
7,4015.3
4,4016.1
1,4016.7
5,4017.2
6,4017.2
3,4021.2
2,4022.0
1,4022.4
5,4022.8
0,4023.2
6,4023.4
4,4025.1
1,4028.0
5,4028.5
6,4030.1
7,4032.1
2,4033.6
1,4033.8
3,4034.5
5,4034.5
1,4039.8
6,4040.1
5,4041.4
4,4042.0
1,4047.0
5,4053.2
3,4054.7
1,4057.5
0,4059.4
2,4059.7
6,4059.8
7,4061.0
5,4074.4
5,4093.3
1,4094.6
2,4109.9
3,4110.2
6,4111.1
1,4113.2
6,4130.1
1,4132.0
6,4149.8
0,4150.2
5,4166.8
6,4169.8
0,4175.3
5,4190.0
4,4201.7
2,4208.9
3,4210.2
1,4211.9
0,4219.6
5,4246.4
6,4268.4
5,4274.1
1,4306.8
3,4356.2
1,4382.8
2,4383.1
4,4383.1
6,4383.2
5,4383.3
3,4383.9
0,4383.9
7,4387.0
1,4390.2
2,4390.6
6,4391.6
4,4392.2
5,4393.3
3,4395.5
1,4396.6
0,4397.4
2,4398.1
6,4398.4
4,4400.0
5,4400.5
7,4401.0
1,4402.8
6,4404.6
3,4405.3
2,4406.8
5,4407.2
1,4409.1
4,4409.4
6,4410.8
5,4414.6
1,4415.9
6,4417.8
2,4419.7
1,4425.7
5,4425.8
6,4428.0
3,4442.1
6,4443.6
6,4461.0
1,4462.4
2,4462.7
4,4462.9
5,4463.1
0,4463.6
3,4463.9
7,4468.2
6,4468.4
1,4469.7
2,4470.0
4,4471.9
5,4472.9
3,4473.9
6,4474.7
0,4474.8
1,4475.8
2,4477.1
4,4479.4
5,4480.2
6,4480.7
1,4481.8
3,4482.5
7,4482.8
2,4485.7
0,4485.9
6,4486.6
5,4487.7
1,4487.8
4,4488.0
6,4492.6
1,4494.2
3,4495.6
5,4498.9
6,4499.0
2,4501.7
1,4502.4
6,4507.3
1,4521.7
0,4525.0
5,4528.4
1,4542.5
4,4542.9
2,4542.9
6,4542.9
3,4543.3
5,4544.0
0,4544.8
7,4545.2
1,4549.7
2,4550.3
6,4550.8
4,4551.9
5,4553.3
3,4553.8
1,4555.8
0,4556.5
6,4557.3
2,4557.6
4,4559.5
7,4559.8
5,4560.8
1,4561.8
3,4562.2
6,4563.4
2,4566.0
1,4567.7
4,4568.7
5,4568.8
0,4569.0
6,4569.5
1,4573.9
3,4574.2
6,4576.1
2,4578.9
5,4580.5
1,4581.2
6,4585.5
4,4587.0
0,4591.5
1,4593.7
5,4600.9
1,4611.8
6,4616.5
5,4622.2
2,4622.9
4,4622.9
3,4623.2
1,4623.4
0,4623.6
6,4624.2
7,4628.1
2,4630.2
1,4630.8
6,4631.1
5,4631.4
4,4631.8
3,4633.7
0,4634.6
1,4637.0
2,4637.1
6,4637.5
5,4638.5
4,4639.4
3,4642.1
1,4642.9
7,4643.1
6,4643.5
5,4645.0
2,4645.0
0,4645.3
4,4647.6
1,4648.7
6,4649.6
5,4652.0
3,4654.2
1,4654.7
6,4656.2
2,4656.5
1,4661.4
5,4661.4
6,4665.9
0,4668.9
4,4669.4
1,4675.0
7,4678.6
3,4679.9
2,4685.0
6,4687.2
2,4703.3
1,4706.5
4,4709.7
2,4726.3
4,4727.8
0,4746.4
5,4755.9
1,4756.2
0,4772.4
6,4783.1
2,4805.5
6,4805.6
5,4807.6
5,4825.0
1,4829.5
6,4830.4
2,4831.8
3,4833.8
4,4840.7
5,4845.0
0,4865.3
4,4893.2
5,4935.3
6,4956.1
5,4957.8
5,4981.6
6,4990.8
3,5004.3
6,5007.7
5,5008.0
1,5008.1
2,5008.4
4,5008.7
0,5008.8
7,5009.9
3,5013.8
6,5015.6
2,5017.5
1,5017.8
5,5018.0
3,5022.0
6,5022.0
0,5022.1
4,5023.6
7,5024.6
1,5024.7
5,5025.2
2,5026.9
6,5028.1
3,5030.9
1,5031.3
5,5032.2
6,5034.0
0,5035.4
7,5036.5
4,5036.5
1,5038.8
2,5038.8
5,5039.9
6,5040.1
6,5047.0
5,5050.2
1,5050.9
7,5054.4
6,5059.4
3,5062.4
7,5072.5
5,5073.2
6,5078.2
1,5084.6
0,5087.8
5,5088.0
2,5088.3
3,5088.4
4,5088.6
6,5089.1
7,5091.2
1,5092.1
6,5096.8
5,5097.1
2,5097.2
0,5098.8
3,5099.1
1,5099.4
4,5101.8
6,5103.3
5,5104.1
7,5104.4
1,5106.1
2,5106.7
3,5108.4
6,5109.3
5,5110.9
0,5110.9
4,5112.3
1,5112.8
6,5115.5
2,5118.1
5,5118.4
1,5120.8
3,5121.6
6,5122.3
7,5123.9
5,5128.4
4,5131.0
6,5133.5
6,5156.9
1,5167.7
5,5168.1
2,5168.2
3,5168.5
4,5168.6
0,5168.7
6,5168.9
7,5169.1
1,5176.5
6,5176.7
2,5176.8
5,5178.1
3,5180.0
4,5181.1
0,5181.9
6,5183.1
1,5183.4
7,5183.9
5,5185.5
2,5186.7
6,5189.1
1,5189.9
3,5190.1
4,5191.8
5,5192.6
0,5193.6
6,5195.1
7,5196.4
1,5196.9
2,5197.5
6,5201.4
5,5202.1
3,5206.7
1,5207.5
6,5209.1
0,5216.6
6,5219.6
6,5239.7
1,5241.1
5,5242.2
2,5248.2
4,5248.3
3,5248.5
0,5248.7
6,5249.4
1,5249.5
7,5249.9
5,5250.3
2,5256.9
6,5257.1
1,5257.7
5,5258.3
3,5259.9
4,5260.4
0,5261.8
6,5263.5
7,5264.0
1,5264.6
5,5265.3
2,5266.1
3,5268.5
6,5269.4
4,5270.8
1,5271.1
5,5272.1
6,5275.1
2,5276.3
1,5278.4
5,5280.1
6,5281.0
3,5281.1
4,5283.3
0,5284.0
6,5287.4
1,5291.4
2,5294.0
6,5295.1
5,5297.2
6,5312.2
2,5312.9
1,5320.1
3,5321.7
5,5323.0
3,5367.9
7,5371.0
0,5382.4
2,5382.7
6,5384.4
6,5404.5
2,5407.9
5,5410.1
6,5458.2
2,5471.3
5,5475.9
6,5485.3
4,5488.1
5,5498.9
6,5536.2
6,5557.4
7,5585.1
2,5588.8
6,5612.8
7,5616.1
1,5633.1
5,5633.3
6,5633.4
4,5633.5
0,5633.6
3,5633.6
2,5633.7
7,5636.9
1,5642.3
5,5643.4
4,5643.5
0,5644.4
6,5644.5
3,5645.1
2,5646.4
1,5649.4
7,5649.5
5,5650.8
4,5650.8
6,5651.6
3,5654.9
1,5656.2
0,5656.3
6,5658.5
5,5658.6
4,5658.6
7,5661.7
2,5664.0
1,5664.2
6,5665.9
5,5671.1
3,5676.3
6,5677.8
1,5693.3
5,5693.5
4,5694.9
6,5696.8
2,5699.9
3,5703.2
5,5711.6
1,5712.8
4,5713.3
6,5713.3
0,5713.4
7,5714.9
2,5715.2
3,5716.1
5,5720.5
1,5721.7
4,5722.5
0,5723.1
6,5723.3
3,5726.4
5,5728.1
7,5728.7
1,5729.0
2,5729.1
4,5729.7
6,5730.2
0,5731.9
5,5736.0
1,5736.1
6,5736.7
3,5736.9
4,5737.3
2,5741.1
6,5743.8
0,5744.4
1,5745.4
5,5746.6
4,5747.7
6,5753.2
5,5762.1
1,5769.9
5,5785.2
1,5792.7
6,5793.0
4,5793.3
0,5793.5
3,5793.5
2,5793.6
7,5794.8
5,5795.2
1,5801.5
6,5802.9
3,5803.1
0,5803.5
4,5803.7
5,5804.4
2,5806.1
1,5808.7
7,5808.7
6,5809.9
3,5811.1
4,5811.2
5,5812.1
0,5813.9
1,5815.8
6,5816.3
4,5820.1
2,5820.6
5,5821.0
3,5822.5
6,5823.3
1,5824.1
7,5826.9
6,5832.9
4,5836.8
6,5856.7
5,5857.6
0,5872.9
1,5873.0
4,5873.4
3,5873.5
2,5873.6
5,5874.1
6,5874.2
7,5874.9
1,5882.3
0,5882.8
3,5883.8
4,5884.0
5,5884.0
6,5884.3
2,5885.0
7,5888.6
1,5889.5
6,5891.3
4,5891.7
5,5891.8
0,5892.3
3,5892.3
1,5896.7
6,5897.9
2,5900.1
7,5900.7
4,5900.8
5,5900.9
3,5904.8
6,5905.3
1,5905.4
5,5913.9
6,5917.8
1,5926.0
5,5934.5
6,5935.9
1,5952.1
2,5963.2
7,5963.2
5,5969.8
1,5979.6
5,5996.0
6,5999.6
0,6006.2
1,6010.5
5,6013.1
6,6016.4
0,6028.4
6,6035.0
5,6038.9
6,6096.9
4,6098.1
6,6117.1
4,6118.5
0,6124.6
4,6147.0
5,6148.1
5,6168.5
1,6224.5
5,6227.4
6,6233.8
2,6237.5
1,6241.2
2,6256.6
4,6258.5
0,6258.6
5,6258.8
1,6259.4
7,6260.1
6,6260.2
3,6260.5
2,6266.6
0,6269.3
4,6269.7
5,6271.8
1,6273.7
6,6274.1
7,6274.4
3,6274.7
2,6276.3
4,6277.6
0,6281.2
5,6281.2
6,6283.0
1,6283.0
3,6287.7
4,6288.1
2,6289.0
6,6295.8
5,6297.9
4,6308.9
5,6328.1
0,6338.0
1,6338.0
4,6338.3
3,6338.5
2,6338.5
7,6338.6
6,6340.2
5,6342.0
0,6347.5
4,6348.2
2,6349.5
1,6350.6
5,6352.1
3,6353.1
6,6353.1
7,6353.2
4,6355.7
0,6356.6
1,6359.6
2,6359.8
6,6361.2
5,6361.6
4,6364.5
3,6364.5
7,6365.9
6,6370.4
1,6372.0
5,6373.1
4,6379.0
2,6379.2
0,6381.4
6,6387.6
3,6389.4
7,6391.9
6,6408.0
4,6418.3
0,6418.5
1,6418.5
2,6418.6
5,6419.1
7,6419.8
3,6420.4
6,6422.9
4,6428.9
0,6429.0
1,6429.7
2,6431.1
5,6432.0
6,6434.2
7,6434.5
3,6434.9
4,6436.5
0,6438.8
1,6439.7
5,6440.5
2,6442.7
6,6442.9
4,6444.7
5,6452.5
6,6453.5
1,6456.0
3,6456.3
4,6457.3
0,6495.9
4,6498.4
2,6498.4
1,6498.5
5,6499.0
6,6499.5
3,6499.8
7,6499.9
0,6504.5
4,6508.1
2,6510.7
5,6512.2
1,6512.4
6,6513.0
0,6513.1
3,6514.4
7,6514.5
4,6515.6
6,6520.6
1,6521.3
5,6521.6
2,6523.1
4,6523.5
7,6527.1
6,6528.2
1,6532.1
5,6532.9
4,6535.2
6,6539.9
2,6545.7
5,6555.5
1,6557.3
4,6558.6
6,6562.6
5,6601.4
4,6608.6
2,6630.8
6,6646.5
5,6648.4
5,6666.0
6,6667.0
3,6687.4
6,6713.2
5,6714.3
5,6733.2
7,6749.8
5,6758.0
4,6762.4
6,6774.9
5,6782.6
5,6820.5
7,6842.2
3,6869.2
7,6870.5
4,6883.2
1,6883.3
0,6883.6
2,6883.8
5,6884.2
6,6885.6
7,6888.1
3,6888.3
4,6892.0
1,6894.4
0,6894.4
5,6896.3
6,6898.9
4,6899.2
2,6899.9
7,6902.2
0,6902.5
1,6903.6
5,6904.0
3,6904.1
4,6906.4
6,6907.3
5,6911.5
0,6912.2
1,6914.1
4,6914.9
6,6918.1
5,6921.3
0,6933.0
6,6937.9
5,6959.0
0,6963.0
1,6963.1
4,6963.1
2,6963.6
7,6964.7
6,6965.2
3,6965.4
5,6968.7
4,6971.7
1,6971.9
0,6972.2
2,6974.2
5,6977.0
6,6978.2
4,6978.8
1,6979.5
7,6979.8
0,6980.1
3,6980.9
5,6983.8
2,6984.7
6,6985.6
4,6986.0
1,6986.4
0,6990.0
5,6990.5
6,6992.7
1,6994.1
4,6995.8
5,6997.8
6,7002.3
1,7007.3
5,7009.1
4,7012.9
2,7032.6
5,7033.5
0,7042.6
1,7043.0
4,7043.1
6,7044.8
7,7044.9
3,7045.2
2,7045.7
5,7046.7
4,7051.7
0,7051.9
1,7052.8
2,7056.8
5,7057.2
6,7058.5
4,7058.8
7,7060.6
0,7061.0
1,7061.1
3,7061.4
5,7065.0
4,7065.9
6,7066.7
2,7068.2
1,7068.8
0,7070.7
5,7074.2
4,7074.9
6,7076.2
7,7076.3
1,7079.4
3,7092.7
5,7094.2
6,7095.9
6,7116.9
5,7117.0
4,7123.1
1,7123.1
0,7123.5
2,7123.6
3,7124.1
7,7124.9
5,7127.8
6,7127.9
4,7131.6
1,7133.0
0,7133.7
2,7136.2
5,7137.3
4,7138.8
6,7139.3
3,7140.7
7,7140.9
1,7141.8
0,7142.2
5,7145.0
4,7146.2
2,7147.4
6,7147.6
1,7151.9
0,7153.3
5,7154.0
4,7156.0
6,7158.4
1,7170.5
6,7179.2
5,7179.3
5,7206.2
3,7231.3
5,7231.9
1,7249.2
5,7249.2
2,7256.8
1,7267.4
3,7312.4
1,7315.4
6,7335.9
3,7338.7
1,7348.1
6,7360.3
6,7378.3
1,7388.5
5,7393.9
2,7406.1
1,7423.8
4,7443.0
4,7507.9
1,7508.1
2,7508.2
0,7508.3
3,7508.8
7,7508.8
5,7509.2
6,7509.5
4,7515.9
2,7517.0
1,7517.4
0,7518.2
7,7521.0
5,7522.1
4,7523.3
6,7523.8
3,7525.0
1,7526.3
2,7526.4
0,7526.7
5,7530.2
4,7530.4
6,7531.9
7,7533.8
1,7535.5
0,7537.7
2,7537.8
4,7538.9
5,7539.9
6,7542.0
1,7551.8
4,7557.2
5,7559.6
6,7559.8
1,7568.7
5,7578.6
4,7580.5
0,7585.5
1,7587.0
2,7588.0
3,7588.6
7,7588.6
4,7589.8
6,7590.0
5,7592.0
0,7593.8
1,7595.7
2,7597.2
4,7598.8
7,7600.4
0,7601.6
5,7601.9
6,7603.0
3,7603.5
1,7603.7
4,7606.5
2,7607.5
5,7609.9
0,7609.9
6,7610.4
7,7611.6
1,7612.7
3,7613.8
4,7614.5
6,7617.6
5,7617.9
7,7626.0
6,7626.1
4,7627.7
5,7628.3
3,7629.0
7,7638.0
6,7644.4
2,7648.6
4,7651.4
3,7651.5
1,7652.2
6,7668.0
2,7668.3
4,7668.4
7,7668.5
0,7668.5
5,7668.7
1,7669.0
3,7670.0
4,7677.1
2,7677.5
0,7678.8
1,7679.8
7,7679.8
5,7680.0
6,7682.9
4,7684.3
3,7684.4
0,7687.3
5,7687.8
2,7687.9
1,7689.0
7,7691.0
6,7691.0
4,7691.8
5,7694.9
0,7699.5
1,7699.7
6,7700.0
3,7701.6
4,7703.2
5,7703.2
2,7709.1
6,7719.4
5,7720.5
3,7724.8
0,7725.5
2,7734.0
6,7738.5
0,7743.4
4,7747.9
1,7748.1
5,7748.2
7,7748.5
3,7748.8
2,7749.1
0,7751.7
6,7753.1
4,7756.3
1,7756.9
2,7758.7
7,7760.0
0,7760.2
5,7761.4
4,7763.6
6,7763.7
3,7764.0
1,7765.4
0,7768.6
2,7768.8
5,7769.5
4,7771.4
7,7771.7
6,7772.0
1,7774.8
5,7778.1
0,7780.7
6,7782.4
4,7782.9
1,7793.5
2,7793.9
6,7798.7
4,7801.2
6,7817.6
7,7836.2
1,7838.7
2,7865.8
6,7873.9
5,7885.0
4,7913.1
5,7914.9
6,7915.3
1,7917.3
4,7947.4
0,7951.1
2,7956.8
6,8019.9
4,8020.7
0,8086.1
5,8111.7
6,8126.4
2,8133.0
0,8133.4
7,8133.7
5,8134.0
4,8134.1
3,8134.2
1,8135.3
6,8141.1
2,8142.1
0,8142.3
4,8144.8
7,8145.6
5,8145.8
3,8149.6
0,8150.7
6,8150.8
2,8152.4
4,8153.8
1,8155.0
5,8155.1
7,8158.2
6,8160.1
0,8160.6
2,8169.1
5,8171.9
3,8172.1
7,8179.5
6,8180.9
0,8183.8
5,8190.6
1,8191.2
2,8191.4
0,8212.7
2,8213.2
5,8213.3
7,8213.5
6,8213.5
4,8213.9
1,8214.0
3,8214.1
0,8220.8
2,8221.9
4,8224.3
7,8225.0
6,8225.5
5,8226.0
0,8228.4
3,8228.8
1,8229.2
2,8231.6
6,8233.0
4,8233.5
5,8234.9
7,8236.9
0,8237.2
6,8241.0
1,8243.2
2,8243.9
4,8245.4
5,8245.9
3,8247.1
6,8257.6
2,8261.9
1,8262.7
4,8271.3
6,8280.1
5,8281.0
4,8288.5
3,8289.4
2,8292.8
7,8293.2
0,8293.3
1,8295.0
5,8295.5
6,8295.7
4,8297.1
3,8299.5
2,8301.4
0,8302.1
7,8303.3
5,8305.5
4,8306.7
6,8308.3
2,8310.4
0,8310.5
3,8311.0
1,8311.3
7,8313.1
5,8314.1
4,8316.0
6,8316.9
0,8321.0
2,8321.4
5,8324.5
6,8326.8
2,8334.4
3,8341.4
6,8342.6
2,8372.9
0,8373.3
7,8373.6
4,8373.9
5,8374.0
3,8374.1
6,8375.0
1,8375.1
2,8381.2
0,8382.2
4,8384.0
7,8385.4
5,8387.1
6,8388.8
3,8389.0
2,8390.0
0,8390.7
1,8391.7
4,8393.2
5,8396.3
6,8397.2
7,8397.5
0,8400.8
2,8401.6
1,8403.0
4,8404.4
6,8408.0
5,8408.3
2,8424.0
5,8425.7
6,8429.2
5,8445.1
2,8445.8
6,8448.0
1,8485.3
7,8494.7
5,8529.3
7,8571.9
6,8609.9
5,8621.4
6,8634.4
5,8642.2
7,8689.9
6,8703.3
1,8704.0
5,8708.5
5,8757.1
2,8758.1
7,8758.8
4,8759.1
3,8759.2
0,8759.7
6,8760.1
1,8760.2
2,8766.2
4,8769.8
7,8770.8
6,8773.7
5,8774.2
2,8774.6
0,8774.7
3,8774.8
1,8776.4
4,8780.5
6,8782.3
7,8782.9
2,8784.8
5,8793.4
1,8793.8
6,8794.0
2,8802.1
5,8812.7
6,8815.2
4,8831.2
6,8832.4
2,8837.8
3,8838.3
7,8838.6
0,8839.8
5,8839.9
1,8840.1
4,8841.3
6,8843.7
2,8845.6
7,8850.2
4,8852.5
3,8853.4
6,8853.5
2,8853.6
5,8854.0
0,8854.1
1,8857.5
6,8861.3
7,8862.5
2,8862.6
4,8864.2
5,8866.1
3,8869.8
6,8870.7
1,8873.4
0,8877.1
2,8878.5
7,8881.2
6,8883.3
4,8883.3
5,8888.1
2,8891.6
1,8894.5
6,8907.2
7,8910.6
5,8916.8
2,8917.7
1,8917.9
4,8918.9
3,8919.1
0,8919.2
7,8920.9
6,8922.7
2,8925.5
4,8927.9
7,8931.9
5,8932.8
2,8933.0
6,8933.3
3,8933.6
0,8933.8
1,8934.1
4,8938.5
2,8941.0
6,8941.5
5,8945.2
4,8950.7
6,8951.5
1,8952.1
2,8952.9
6,8966.6
4,8997.9
2,8997.9
7,8998.6
1,8999.0
3,8999.1
0,8999.4
6,8999.6
5,8999.8
2,9005.8
4,9006.5
7,9010.1
6,9012.9
2,9013.9
3,9014.0
0,9014.0
5,9014.2
1,9014.5
4,9016.4
6,9021.1
7,9021.7
2,9023.1
6,9031.5
1,9035.3
3,9035.5
6,9050.8
0,9058.7
2,9084.4
6,9084.7
4,9086.4
0,9095.8
6,9102.7
2,9104.3
3,9107.6
6,9124.9
5,9130.1
2,9132.0
5,9155.4
6,9173.8
5,9174.4
4,9174.5
7,9187.9
5,9194.7
4,9196.3
0,9234.0
2,9270.6
2,9293.9
2,9316.8
6,9328.4
6,9348.0
2,9348.7
5,9358.4
2,9383.4
7,9383.7
6,9384.0
4,9384.1
3,9384.2
5,9384.6
0,9385.0
1,9385.3
2,9393.7
7,9394.5
6,9394.6
4,9394.8
5,9398.4
3,9398.8
1,9400.3
0,9401.0
6,9401.7
2,9402.7
7,9403.6
4,9404.9
5,9407.3
6,9408.6
3,9409.9
7,9413.7
6,9416.8
1,9417.1
5,9420.3
6,9429.7
1,9433.6
2,9463.3
7,9463.6
6,9463.7
4,9463.9
3,9464.0
0,9464.2
5,9464.9
1,9465.0
2,9472.8
7,9474.2
4,9474.3
6,9476.2
0,9477.1
3,9478.7
5,9480.5
2,9481.9
7,9482.7
1,9482.8
6,9484.0
4,9485.2
0,9489.9
3,9490.7
6,9492.5
5,9492.6
7,9494.0
4,9497.4
2,9499.5
6,9504.2
2,9520.5
5,9521.4
7,9530.1
3,9530.7
5,9540.5
2,9543.1
4,9543.6
6,9543.7
0,9544.3
1,9545.0
7,9545.0
3,9546.5
4,9552.5
2,9552.8
5,9553.2
6,9555.5
7,9556.3
3,9558.4
0,9559.6
2,9562.5
6,9562.9
1,9563.3
4,9563.7
5,9564.9
7,9565.8
3,9570.0
6,9570.3
2,9575.2
6,9580.6
7,9581.8
5,9584.4
3,9594.1
2,9598.2
0,9613.5
7,9618.0
6,9622.3
2,9623.2
4,9623.9
3,9624.1
5,9624.1
1,9625.2
7,9627.1
0,9627.9
6,9632.3
2,9632.5
4,9634.1
7,9637.3
5,9637.9
3,9639.7
6,9639.8
2,9642.1
0,9642.8
1,9643.8
7,9646.6
6,9647.3
4,9648.2
5,9648.7
2,9655.2
6,9657.4
7,9671.6
2,9680.1
6,9681.4
2,9698.4
6,9699.1
1,9713.8
0,9718.6
2,9719.4
5,9720.0
5,9748.1
0,9755.2
5,9768.1
2,9771.6
3,9772.3
6,9774.1
5,9789.3
3,9801.6
6,9814.8
5,9818.7
5,9856.8
6,9861.8
6,9882.0
7,9903.1
0,9907.3
6,9937.3
3,9947.0
